1.1915949322675403
0.7955390111396187
0.7955316505934062
0.795543290439405
0.7955132672661229
0.795523296531878
0.7955367903960379
0.7955366115821035
0.7955292130771436
0.7955389405551709
0.7955345006365525
0.7955318614056236
0.795534527615497
0.795536984895405
0.7955249296991449
0.7955346091797477
0.7955234502491199
0.7955303807007639
0.7955325835629513
0.7955128597585779
0.7955416823688306
0.7955318949724498
0.795541786206396
0.7955166653582925
0.795510378636812
0.795538728488119
0.795529411027306
0.7955369736018933
0.7955344978131746
0.795530672136106
0.7955230377222362
0.7955187129346948
0.7955401508431685
0.7955204154315748
0.7955384841090755
0.7955416321754456
0.7955397982346384
0.7955340319558194
0.79560414458576
0.7954770276420995
0.7955257936527854
0.795523381546924
0.795128593946758
0.7949180446173015
0.7945705943985989
0.7945831816447408
0.7936300042428468
0.7932693183422088
0.7930267688475157
0.7933812837851675
0.7930991163379267
0.7930334420580613
0.7926970321881144
0.7926188534811923
0.7928134660971792
0.7923424014919682
0.7928592280337685
0.7921712423625745
0.7920953973343497
0.7919868371988598
0.7925640746166832
0.7926329531167683
0.7927475650059549
0.7925414621829987
0.792341934693487
0.7925968305060738
0.80055414595102
0.7927668690681458
0.79163990710911
0.7917099485271856
0.79119982342971
0.7906352727036727
0.7923677209176515
0.7906170189380646
0.7898814778578909
0.7885683056555296
0.788755675679759
0.7876540940058859
0.7888239095085545
0.7877743241034056
0.7932125599760759
0.7883330222807432
0.7866586704003183
0.7863546484395078
0.7842249205237941
0.7825678925765188
0.7831003414957147
0.7859916285464638
0.7815891667416222
0.780610822376452
0.7794437590398287
0.7792074551707819
0.7780168454898031
0.7795869262594926
0.7790911081590151
0.7798621654510498
0.800990966432973
0.7908952386755692
0.784831315279007
0.7833361500187924
0.7823748968149487
0.7833744827069734
0.7829472039875232
0.7835334445300856
0.7829453433814801
0.7837671769292731
0.7901828408241272
0.7832147657871247
0.779301485262419
0.7769313956561842
0.7811542670977744
0.7744441088877226
0.769883838452791
0.7925066132294504
0.7675968894833013
0.7623054404007761
0.7598786203484786
0.7576495063932318
0.7540597341562573
0.7528913152845282
0.7482663474584881
0.7480185828710857
0.7593061145983244
0.7567394940476668
0.7365384224214052
0.7335655215539431
0.7275326462168442
0.7249516684758036
0.7232989800603766
0.7532219889916871
0.7370629963121916
0.7268625246851068
0.722465109197717
0.7163950452679082
0.7144702650998768
0.7093103568804892
0.7021001078580555
0.6953332289269096
0.6929499757917303
0.7562247602563156
0.698569560364673
0.6860598040254493
0.6822468506662469
0.6753807670191715
0.6709689008562189
0.6736128345916146
0.6680067934487995
0.6607339228454389
0.70342927198661
0.6603515763031809
0.6537835572895251
0.6493074420251345
0.6441844202970204
0.6398966149279945
0.6497525601010573
0.6442440663513385
0.6317009812907168
0.6325305126215283
0.7169473513176566
0.6262522390014247
0.6143034420515362
0.6079350869906576
0.6056614009957565
0.5980210533267574
0.5929774971384751
0.5884715139865875
0.5823589136725977
0.5756992042064667
0.5760590067035274
0.6742492271097082
0.6016367469963274
0.5783339720023306
0.5692425172579916
0.5598508160365255
0.5516928893955131
0.545473579356545
0.5427930853868785
0.5342632466240933
0.5415094049353348
0.5203267566467586
0.5278545945882798
0.5360562857828642
0.5094989712301053
0.5075308795038023
0.4977812106672086
0.6485714915551637
0.5667663886358864
0.5271241562931162
0.510959741002635
0.501672982385284
0.49381492090852636
0.4862581331478922
0.4768778266091096
0.47353997559923877
0.4645289364613985
0.45932120382785796
0.4589829720948872
0.4604082979654011
0.5840653530861202
0.4626668917505365
0.44199465717139996
0.43184810029832943
0.4291480385943463
0.42363928148621005
0.42146513979685934
0.41688399205082344
0.4128786471329237
0.4047889314199749
0.4941884939607821
0.41438154593894355
0.39412758099405387
0.3917344501144008
0.3879396603295678
0.3879118066085012
0.38508613391926416
0.4879932524342286
0.44231579021403666
0.3828534797618264
0.3718938851042798
0.363553322930085
0.3606480758441122
0.3547006832925897
0.34922878946128644
0.34996350329173237
0.35197212947042367
0.3461239099502563
0.3389226988742226
0.5133313279402884
0.35659304386691043
0.34118191317508095
0.32833510966677415
0.32461336019792053
0.3245977608781112
0.3180392994692451
0.31668623717207656
0.31451168170100763
0.31459360161894245
0.31138331356801485
0.3126899280046162
0.4985642924120552
0.3321563438365334
0.3080156506676423
0.29840303808450697
0.29320861814837706
0.2896071644205796
0.2882445299311688
0.2871565987405024
0.28427917573012806
0.2901674859617886
0.28154460497592626
0.2806171229011134
0.28003919963773927
0.39331071321901523
0.2725172804374444
0.26687062312113613
0.26469527890807704
0.2655236037153947
0.2590493432785335
0.2618965317544184
0.3451292852037831
0.4199083829396649
0.2887454979513821
0.27082335697977167
0.26418857864643397
0.2620874461374785
0.2557170528330301
0.25258297826114456
0.2508749005825896
0.2529884391709378
0.24715270352991003
0.24772818386554718
0.4838264527289491
0.25990262266836667
0.24319476853860053
0.23797421118146495
0.23247614251939874
0.2326084322050998
0.23032839164922111
0.22535597831010817
0.22880574417741675
0.22206755758900393
0.2339270357238619
0.23234780603333524
0.2251026709613047
0.22326710475118536
0.39214037343075403
0.24087741084788974
0.2178500924455492
0.21077888255056582
0.2040160631662921
0.2012964383551949
0.19964795685128162
0.19758835944690203
0.19751284200894206
0.19902043115151555
0.19886345408464734
0.19937763547426776
0.46593032894950165
0.2177039896971301
0.19438311994860047
0.18450664301451883
0.1815461008956558
0.1770911280261843
0.17601368446883403
0.1712268838364827
0.1708769902194801
0.17299829407742148
0.17694813436583468
0.1854691965015311
0.289894240271104
0.22055877603982624
0.1653338054685216
0.15774633288383483
0.15632599694164176
0.15508662458313138
0.16591853483727104
0.14982763607251018
0.3081498601326817
0.2283021096336214
0.16867362472571826
0.15233566129678175
0.1445360186852907
0.14061133657631122
0.1384622486406251
0.1347029922824157
0.13443736837882744
0.13253577575087547
0.1312322455409326
0.13625894741792427
0.12777863733078304
0.14412302829717336
0.1315155546131887
0.1338657247392755
0.2705556387179776
0.12598632840733778
0.11984569395059033
0.11534698848661623
0.1145946907369714
0.11380051935189649
0.12049798804678415
0.11424155921528215
0.2993953482100838
0.1250964470207691
0.11227424280031731
0.10797674926488023
0.10606911445134565
0.10490123437423456
0.1013555547320529
0.2670043367696436
0.12569518230463328
0.10900640501395652
0.10351309442990704
0.10141022091633395
0.10208312445565274
0.09808828705235531
0.10042419317913683
0.11963547593668887
0.14581267943507747
0.3081821281658976
0.1113095038031277
0.0987441258014817
0.09245543568149993
0.09001017397171572
0.08618285714795715
0.08908489775892935
0.08360124502919222
0.08763213867419645
0.08541872409221372
0.08282347309746241
0.08487001833947082
0.08497636416240742
0.15835250423927055
0.2529780859225675
0.10132183293370824
0.08737891136031402
0.08288692614357722
0.07915224583917542
0.07776915027122748
0.07692411383123775
0.07547984148718809
0.07519378952289882
0.07549597256277737
0.07498974223670206
0.07901899473447549
0.2573647425362938
0.15158316426371274
0.09129588770631113
0.07664689402046956
0.0731210864394119
0.06845147196987741
0.06698196626415379
0.06411019507795572
0.0642149876018888
0.06279494274211557
0.06385458141173186
0.06343164781206533
0.06731614347939428
0.06378635533742215
0.06836393300051752
0.2513316685235814
0.08702588506827229
0.06798797256656383
0.06182458589931852
0.06053436127932448
0.05779904818260356
0.060320670000816645
0.054985085806172146
0.0555181149589388
0.05646015756616467
0.05527948645972892
0.1917321750404019
0.17654692477693684
0.06841799847193454
0.0560932604105849
0.052161993870609685
0.05152136848651265
0.04906038136074418
0.04874501646937508
0.049222694820185244
0.047873574294345946
0.04799376721248815
0.04635623124869246
0.04958045391954089
0.04610893447932444
0.05804711633214825
0.04717436645572123
0.17066767022601867
0.12192040324995393
0.05598369856414042
0.047281575874474485
0.04531660865698206
0.04179010606910053
0.04195525798652517
0.04257654108009056
0.041265268373842305
0.04256902382169899
0.0417907100685529
0.20614841622545532
0.059761499966445725
0.04256293812864705
0.03872679682252438
0.03764970161167807
0.036700765131727646
0.036572082693639554
0.03767420684820727
0.039023631340578985
0.038269973413920716
0.07987035555568965
0.035835453054230464
0.03580326921502618
0.21078699318397986
0.1084986290257228
0.05046362509754927
0.040987803919338865
0.03745645153042125
0.033776294405719165
0.034002499392648274
0.032638508917175624
0.032363501699690364
0.03105785833475621
0.032030250583040085
0.031509395129978655
0.031663091365542066
0.03109004569583033
0.06270891998673936
0.1994935964577292
0.04617728230200316
0.03650898647641665
0.03189914771355688
0.030076282505730266
0.029767720168456434
0.029039793794876652
0.02834263383901041
0.028411224768742135
0.027334938073334727
0.02972732546837314
0.02760489101178552
0.028210720587766875
0.21182101684818536
0.11289113019838144
0.04473873591540675
0.033149185360066204
0.029619828251337535
0.02741362198599075
0.026888285375102176
0.02610924303237545
0.026297970429847117
0.02651017886267877
0.028535323751796234
0.21341696093103996
0.0402759893895372
0.030260575908285223
0.026445666888091517
0.024438377798191812
0.02410394967484631
0.023798989092833116
0.023530916086594134
0.023980316723157702
0.02560091204696188
0.024945220772765186
0.02627464925355621
0.025940020872574104
0.02374467780372422
0.24685564148484876
0.045086938152579886
0.030574645288288592
0.026323152202377586
0.0233313846941057
0.022282533824296766
0.02177854042475749
0.020724721212479237
0.020891471134841834
0.020168710715676608
0.020883309934288264
0.021695737262550547
0.022297974940585462
0.17987182470969856
0.14833925624230976
0.038838062126581606
0.02691833408500411
0.023359075096729947
0.02096211945662569
0.019880486079981843
0.019534194427787473
0.019773197557630115
0.018890735493531745
0.01960427356810358
0.021169276007353084
0.020397683017347987
0.019290128312269717
0.019644031004588072
0.02122922282616951
0.09176470293835001
0.06855298216748787
0.021328147982345207
0.01868709164524549
0.01853366450063492
0.01736228810868373
0.01675522014327151
0.01756389149170565
0.017261155372436502
0.017987766206313514
0.06387398879926064
0.018701296042356836
0.016920550421223438
0.017116548243517937
0.02066105865064616
0.2849873046537763
0.03902241958819918
0.023706369431640364
0.019820212056909346
0.017914580394464887
0.016424759902599218
0.016237657936289906
0.014827419750049317
0.014682499560723572
0.014838254312053323
0.014617481864498634
0.01481115909440345
0.014831149252131581
0.016027551350232802
0.01486111643699635
0.01803739143560003
0.21551582344170464
0.08554131994514089
0.033801163997697205
0.025031284538195715
0.020489183546190982
0.019169728383176814
0.01826378291497301
0.017238805952825044
0.015581114495810318
0.015489205406782659
0.015829644368128164
0.015442977288100672
0.014558617094237553
0.014422124235792772
0.03350379832064439
0.08415107450349943
0.020815538512052673
0.015769297174962334
0.01407327516690681
0.01356066826142763
0.013220256068253595
0.15493447305634617
0.12991387024521828
0.031970098269123
0.020468429938007734
0.01673268702273306
0.015011717535947499
0.013655779051202301
0.012846399793450378
0.01294562917594847
0.01238554443330749
0.012389570149887157
0.012028128953993713
0.011933917865941399
0.013601623416731231
0.01255623779602741
0.01256755155535709
0.20106029033685396
0.05501772317251093
0.02429903210998562
0.01775813679039282
0.014330962439998984
0.01304163430498815
0.01211788600898887
0.011607653808191811
0.011081846397811252
0.010784727537171229
0.010873178645086131
0.01138353601318637
0.011098810659084272
0.010480684421858505
0.01039460025433647
0.1555134770264359
0.08272127091002307
0.02813255183374215
0.01801871541813996
0.014455383921679306
0.013294372574034099
0.011726109089182788
0.011379491307429577
0.010562364548738849
0.010519948882344914
0.010158736634950497
0.009883770725297692
0.010279915432788824
0.010203685448504984
0.010188622308257771
0.010113554920903161
0.12893868822996554
0.02394970057311615
0.012130454828423497
0.010348142651644977
0.009495152868820649
0.009027959483577624
0.00966659175893782
0.00925895884314454
0.009378096534821547
0.00981085822966538
0.228028605701892
0.026326454960201917
0.015813194527780933
0.012137079300162824
0.010349450507936508
0.009707673922132112
0.009456948363712352
0.008877170511129262
0.00864349049761107
0.00838705645138888
0.008196856646406415
0.008306614811973352
0.008094776353161586
0.007906057419696529
0.008024679041026455
0.09575458114942241
0.16405244282397785
0.03132924957960648
0.01869049694291071
0.014835933148615846
0.01233883451204747
0.011068821900622233
0.009693185031708134
0.009214419272336129
0.008471974936362944
0.008154420262986892
0.007805936865655607
0.007955286377354672
0.0077424395976490095
0.00759916060702189
0.007492847692858624
0.1789400044706111
0.04509842841591882
0.015932186440515674
0.011553134576809641
0.0095792055938785
0.00870056367038112
0.007927669994042891
0.007207299210131168
0.007198471897036622
0.0068273904243190036
0.006940792448279497
0.007118874739267324
0.006808513947027295
0.0063753936819634155
0.13894372289436624
0.02236805634671136
0.010738125994899555
0.008629546130664254
0.007233928037366192
0.006831102885649001
0.006505371501522237
0.0061214837294660115
0.006269533598893567
0.006368523050638798
0.006239367009287602
0.006206071906183895
0.006135961537151353
0.21989432357766323
0.029354404836991116
0.015380133649236278
0.010662795787088964
0.008399544734703867
0.007567190698740122
0.006344312146355055
0.006161480366350397
0.005981730604789367
0.005889867254728942
0.005799547707858055
0.005697954514701116
0.005546423537950766
0.005683874715070584
0.005808254397523247
0.11008768001644822
0.008953906965785121
0.006104328036063204
0.005505647925709031
0.00498053932341894
0.005072076785329141
0.004993542662429574
0.004745627850245096
0.00462366824503988
0.005977506479738574
0.2242139552511569
0.02265062430064733
0.012302170135080814
0.008856769243108206
0.0073551117074920945
0.006373535825772898
0.006079585358843599
0.005211505846512553
0.005019890766982969
0.005116690482061944
0.004918561868467613
0.00494642968436605
0.004548637038341871
0.004505461268126965
0.004598799306213071
0.00475910540645648
0.005587960921816136
0.0051790111955549376
0.0962761560173117
0.10680938993065961
0.017567794765100668
0.010230577651313261
0.009495174855385957
0.006609143360861038
0.0054873549943103605
0.0051164538305448854
0.005015355045907199
0.004681200074571136
0.004600980417116692
0.004680358009461902
0.004675935227178822
0.004389244702791697
0.0050107067585677696
0.004399315992027129
0.156783364323507
0.0733428296191912
0.01856098485571381
0.011425711971854694
0.007535629137419164
0.006161739298534629
0.0051552397395043
0.0047435343731194735
0.00439926163832608
0.004338476944126581
0.004309683185266821
0.00396365483634566
0.004054723077110554
0.0038835627737602123
0.0037183466257135335
0.168602654037654
0.06462034618383959
0.01788332888758496
0.011025143483359564
0.007924920923419688
0.00621917433546562
0.005502517645149247
0.004882744909264147
0.0044962054780243255
0.004196732994904252
0.004339904181267086
0.003821500320918858
0.004110086494811664
0.003804837105991809
0.003956437956443743
0.0033994721371288362
0.0042035666943870875
0.004255266318489846
0.004762382280865782
0.11751771976828183
0.09745161751481263
0.01611309896321281
0.01021956578509784
0.00737009369400575
0.0059915002361920315
0.005216869175140011
0.004617770470825857
0.004457905979238843
0.004222042162559534
0.0038543067884778508
0.0037880184471999344
0.0038670565810446675
0.0036740417249108617
0.003657644170973646
0.0036190302711666413
0.0034795425378864532
0.14427452479905792
0.018649960906048747
0.010165368878331624
0.006347072102423561
0.004820194048807025
0.0041773905009521465
0.0037172563668144377
0.0035370285255148224
0.003315364912544426
0.0031101055296235964
0.003130910910764023
0.0030105906207800698
0.002979141956587371
0.003036561718602714
0.0029407653969859607
0.0029342419835493754
0.12968312346646071
0.008195922551921716
0.00487664748522404
0.0037606576286060246
0.0031768325164816097
0.0027423320779282794
0.002737849482678269
0.0024909054407065635
0.002632407269342557
0.0026425355187568223
0.002591584296897054
0.0022884380587033537
0.0024719355076453405
0.0031474437160221367
0.0028299127546090046
0.0024900231363349837
0.07866649983916432
0.0949740890278726
0.009038822542826988
0.005530227992781683
0.0042799296825634025
0.0035142518347129224
0.0026290932474167723
0.002489074630858867
0.002388607929950874
0.0022351076703910765
0.0021852812509199505
0.002034662730109535
0.0021539446395380715
0.002289221776453288
0.0021205881010054758
0.0022078184251624502
0.0023938764621944802
0.002576057533243377
0.18537904455228463
0.06586312441841552
0.016991315425471647
0.00883435731459605
0.005854239909125394
0.0047144405580566906
0.003536616025590583
0.0032652234376751277
0.0028951303861839204
0.0027101664166701467
0.002458486823659194
0.002437508241028378
0.002453441118919536
0.0022704384914648376
0.0022709312542390668
0.002016818617764664
0.0023205596806579513
0.002151194704990638
0.0022230198398526563
0.002270526658302467
0.0020152865124768334
0.002104987636649687
0.16177717799467867
0.011783548231285653
0.006353688149369861
0.004450158392520327
0.003381683760763783
0.0027126274451515393
0.0022401988408283185
0.002146132175173414
0.0019496092156163955
0.0018840904850022573
0.0016986945288647946
0.0017663192653440331
0.0017988280356420498
0.0016834627285501674
0.0016993030415553795
0.002015745201099076
0.25754118167770734
0.0387581669541664
0.014585719386262722
0.008537256049825566
0.00587104555881141
0.004336530303484515
0.0035499050367721603
0.00308339618219945
0.0028336879748262858
0.0026068341599679305
0.0023556051726796126
0.0022522215572136797
0.0020694029419437835
0.0018486923734216314
0.00188429026962503
0.0018005519700971873
0.0016306901313854676
0.0020029552427953796
0.001715024232276176
0.0017481643057085181
0.0017666434599576811
0.14598563371201684
0.016128281942617735
0.006467787771926898
0.0038109838472385154
0.0031700994819402694
0.002624685541530581
0.0021585993027608648
0.0020182778384830605
0.0016997629188393291
0.0015143568823604207
0.0014530018253840113
0.00161472383249355
0.0014919981176621819
0.001381153511618705
0.0013954116631985495
0.0015138987035147454
0.0016338938295743183
0.19286647649408367
0.02932534077155747
0.010526826945868761
0.00577666853113394
0.004168522534401793
0.0031123726824788672
0.002600127913204855
0.002069027908146381
0.0018381786091547264
0.0016654254255914374
0.0014964810695107045
0.001397447133632867
0.0015120938003651406
0.0014312776577609934
0.0013612855336089667
0.0015136003727093338
0.0013445008141723903
0.001987749963116489
0.0011274055185678759
0.0012286685358144736
0.0012633071097202207
0.1508271801849141
0.00779899164274531
0.0038349303882569074
0.0026060735047059623
0.0018526123750856832
0.0017032263972061245
0.0014828387549833248
0.0013612001546119388
0.0011247749526151702
0.001127728318648511
0.0010429714254936889
0.0010137993278668115
0.0010253557665763718
0.001117171633890585
0.0012193696291529035
0.0010254130086028263
0.11279266931263632
0.0064544570264651584
0.002590869258059875
0.00166455231190316
0.0015315683926210592
0.0009585174070181031
0.0011419665129659207
0.0009768566275995814
0.0009910398947173044
0.0009909425678319838
0.0009423618241654415
0.000873652642200652
0.0009420139776346715
0.0010259972627911912
0.0010955921901193888
0.0009590317066268701
0.0009470573503916201
0.0399546519215954
0.16591606350419552
0.012502904030445374
0.006427097657548362
0.0037704551420909794
0.002574261572015913
0.0021220332121868668
0.0017021811493721447
0.0014819966776198463
0.0011489072569498891
0.0010260757205909803
0.001030196892832847
0.000873659319538427
0.0009243975246423169
0.0010437173915928916
0.0007903977383026167
0.0008566916368803695
0.0008797344531079656
0.0006901820079962674
0.0008917736539028978
0.0007572972203457826
0.0009927238129373444
0.14325983719164995
0.019618203233633388
0.0061657268664260445
0.003666776825526827
0.002589847794488857
0.002254827604874184
0.0019003947939429627
0.0013489498769080168
0.0012619500465102886
0.0011608067005382556
0.0011102686145980107
0.0008235016678410926
0.0009237245828109353
0.0007230547207750772
0.0009481948530791622
0.000639555045697642
0.0007552813321940209
0.0007234642747789621
0.0008069155762266172
0.0007612608949114617
0.0006033662645342319
0.11805895231051469
0.04808152216658192
0.007070119310121395
0.003394737223310298
0.0025419417131496104
0.001917195619132958
0.0015143151774904445
0.0012640397701608507
0.0013469191966578365
0.0007750994881222906
0.0008409605251233044
0.0008247542783225838
0.0007109711179509759
0.0006906969705596566
0.0006212770620262937
0.0005374345058379204
0.0005725255505623002
0.000572350101643487
0.0006885176500011431
0.0006385340808743708
0.0005897682968919215
0.0008000808792482866
0.0007623412487048068
0.15127191448608707
0.010413899371939662
0.00486864216601182
0.0029605137686686297
0.0017542069545015693
0.0013127408946227086
0.0010579335625822608
0.0009419541156507637
0.0007391429248903143
0.0006727161425116815
0.0006213872497411151
0.0006213433746444551
0.000590408593416214
0.0005891514133269849
0.0005383256565485346
0.00045398894182749485
0.00045468296463552275
0.00047021153701567336
0.000521753964896657
0.0004209729181112427
0.0004864877445231143
0.031078947518069885
0.12436403748824408
0.008567317324004283
0.0034479246940463783
0.0018682107304860101
0.0013113334652428564
0.0009092108113691211
0.0008238094540214852
0.0007906715875785602
0.0006547089935721535
0.00047101004073690425
0.00048811820115109806
0.00043901566563076097
0.0005561216219671463
0.0004536191062805684
0.0003355914346971794
0.00037012078774798857
0.0003354547091906792
0.0004877871135249734
0.0004548391964482634
0.0003866634601236958
0.0004050750077064884
0.15020185882152107
0.007382449002838448
0.0031449543961666916
0.002000920427963138
0.001313509109528049
0.0010626005523494983
0.0008405673954831926
0.0007502041034106361
0.0005551136441920933
0.0005559721140583095
0.00043754513056850746
0.0004757859094656612
0.00042056879151220383
0.0003194576496944616
0.00033617393407774597
0.00035298854896896766
0.00032016644131784374
0.0003536762044716038
0.00042131294030696155
0.1667467239827506
0.03058995069494765
0.009801098982509422
0.005215468776020173
0.0035179781298594255
0.002664126252363387
0.002170664059782499
0.001549108437948713
0.001296726639970745
0.0008745411705029638
0.0008098532592779712
0.0006899835578607101
0.0005721219349652529
0.000521950880800815
0.0005393172075089655
0.0005713847220728272
0.00043836245925999004
0.0005209244505845402
0.00043669866005841056
0.0004550628523391328
0.0004044608360058383
0.00035324773604148313
0.0003868783664840617
0.13828097565320174
0.023227929540811793
0.005708130683112694
0.0030629464241332914
0.0020871020253061465
0.0016160604887102779
0.001129024885104675
0.0008074587688928373
0.0006220431128320725
0.0005562436190972987
0.0005374307352069177
0.0005209238587045356
0.0004418917919362062
0.00030275790363942323
0.00033671356320969366
0.00033739640647055286
0.0002691623669019655
0.103776288928317
0.0031634576385840773
0.0014150077881487577
0.0009419896713408984
0.0005725000507051223
0.0004381899194987981
0.0003017826495986236
0.0003189676502523454
0.00027014582148311955
0.00020256475177838615
0.00023499668551314818
0.0002687390330002496
0.00021910529436641618
0.00022333916644320676
0.00023538092224809683
0.00023542281950971014
0.00023564049900558434
0.000302793768136517
0.0004038647184834669
0.00028599070041979613
0.19508822764956246
0.06946936923716414
0.007212149399626804
0.003920278347734558
0.0024208357214535537
0.001664345440650849
0.0012538450059333913
0.0009758688092819954
0.0007251043399599822
0.0005547926687684498
0.0005547145908502372
0.000554186739272585
0.0004204763405907311
0.000386769527961549
0.0004039073804099309
0.000352496886625886
0.0003368694175917067
0.00023645774436820494
0.0003198383951951799
0.00025256414971265356
0.0003365935292094946
0.00033674870348094325
0.0003367639146745205
0.1984986762038285
0.02285944993705734
0.006040026854086471
0.0036055149253163684
0.002202997872556903
0.001613851783699111
0.0012088690320716093
0.0009142219015446149
0.0005727333543626102
0.0006212289298051282
0.0004027213178280937
0.00035309172235429285
0.0003702964682720209
0.0003039038727844232
0.00030366557429691677
0.0002520752752101735
0.00020195820711945233
0.0002013611925863906
0.00023613456318056898
0.00023587084326304888
0.00028453046504996323
0.00021839409968570659
0.10407919953822305
0.15503226289721697
0.02134077433423188
0.012763353917551668
0.00625832224215724
0.004513746284340557
0.0036553344015326154
0.002494611198964872
0.0019333555743000226
0.0015150855871309576
0.0011449126061052084
0.0010759082757622789
0.0008911086062557603
0.0007119124804280306
0.0006384305472142602
0.0005051957443356514
0.0005207204076118375
0.0004863373089679762
0.0003882860740352618
0.0003699025555856918
0.00028631261084228755
0.0004374277018206684
0.0002363993185817411
0.00021871948786275953
0.00026917604141329465
0.0003527209824441295
0.15155434853789446
0.006622152350303766
0.00319861818938271
0.001935180007038932
0.0012453336244154917
0.0008594106858302103
0.0006556582257249637
0.0005384640155458137
0.0005048456993934355
0.00037108805447228643
0.0003866891143843532
0.00032526277446825254
0.00025332419961494835
0.00025202955584973096
0.00028663651748119217
0.0002571984574100689
0.00018519316922481122
0.00025246013813701114
0.0002015238603282916
0.000403596047851208
0.00026889214365694085
0.0002518668341891546
0.1552936866266751
0.0134319536118327
0.005477138211656558
0.003096850783760218
0.0019546646440989877
0.0012795865878854928
0.0011450493855303839
0.0009586726572658671
0.000806360362146638
0.0005885239237135179
0.0005718147933581158
0.00047069211294384377
0.000337506354002184
0.00038586662543055257
0.00025230147630760547
0.0002863103487087708
0.0002192050966091062
0.000201582541003039
0.00016800261127125277
0.0002198560506497559
0.00018524598746903631
0.00025203649420291185
0.00020184799244529322
0.00025172186647786905
0.17840413437837638
0.008110472035447234
0.0028646981821542506
0.0013637230596750191
0.0008607118807144855
0.0005878803185432365
0.0004943235936623655
0.00045832149365818814
0.00033671350806559387
0.00021904299868956992
0.0001679463838962348
0.00016826497096764415
0.00017394397383261668
0.00016892101051972102
0.0001348518496869426
0.00015166535311819692
0.00013464135607998623
0.00020233377275106153
8.408083261823968e-05
0.0001012740387140136
0.000168319887138511
0.00015172621504844805
0.17081404826848914
0.0072234281559327715
0.0025653220553833404
0.001399170438219842
0.000865242423146571
0.0004551249691040108
0.0003367617125868013
0.00023521230507053827
0.00018487686511913412
0.000151791604922006
0.00016832957411871144
0.00016810565843786065
0.00010100552983778088
8.381710779902183e-05
0.00013528804686900817
0.00011765697823935433
0.00010073572201164145
0.0001177139874351652
0.00011782342886650249
0.00016772733560126079
0.0001174989940696641
0.00010025566321258482
0.00013452502776329454
0.0002345140055312138
0.14380892761737893
0.013629997392969304
0.0035647641475263394
0.0019351082204497958
0.0015317945054879314
0.0010289330733940006
0.0008256165666113559
0.0005390608707736981
0.0003868721842177604
0.00040608067923274477
0.0002691302448511124
0.0001849236530496886
0.00020062081442263565
0.0001692091151581783
0.0001681595758878087
0.0001680538670993165
0.00015145220524190287
0.00010155197845673874
0.00011819595544549979
0.0001009519334490362
0.00013463111398251434
0.00013447079292841648
0.0001063618674188068
0.00015177558004660042
9.999025956188377e-05
0.0001510786848436845
0.07125508027567871
0.10856176877492353
0.006954584340564907
0.0034329953578937995
0.0022037530587495943
0.0015635664489022211
0.0010089608987695292
0.000690930671254663
0.0005718138828677567
0.00045409230270275947
0.00042143471195901696
0.0003550359219508736
0.00023630239853733465
0.00025268479887592167
0.0002020090144421709
0.00023596249765863545
0.00020206525897313105
0.00016799956118982088
0.00015134847428845732
0.00015152051285105317
0.000134961124460556
0.00015091593009664825
0.00011776994521680632
0.00016816636964090561
0.0001345806338481213
0.00011841121962980221
0.0001343115147105173
0.0001848120144323299
0.00013485401991362634
0.00016855861942626928
0.16846676896154683
0.008062912732068645
0.0028185417985935744
0.001531569218557132
0.000960022141225636
0.0006905671025283243
0.0003709360503738648
0.0003205040518782641
0.0002524677088092032
0.00020200212265511876
0.0001849692743761759
0.00015145115872943087
0.00016864648235863762
0.00010089603326234378
0.00015155927547694822
0.00011760443694105274
0.00015085861822100062
0.00011771361735698424
8.41872300952673e-05
0.00013452505349720778
0.00010154561360219591
8.397026134556846e-05
0.00010111479480799876
0.00011765662164084221
8.402382587327769e-05
0.13803910915372206
0.011165442359388659
0.003130317157085397
0.0014479414498629539
0.0008582328850599496
0.0005915932381819738
0.00030248167826549
0.0003198293478865373
0.00021833909283343114
0.00020206076779255742
0.0001514013501276311
0.00017377380404229228
0.00013479834152875763
0.00010105807358693136
0.00011792542216809172
0.00015128668593732933
6.710048887486521e-05
8.375673603854682e-05
0.0001060978766824854
8.424287906994945e-05
0.00020282831116530457
6.731642826803421e-05
0.0001172800278781276
0.00010111958499213582
6.699575674965193e-05
0.16827329872543678
0.013239412743745274
0.00453841671543686
0.0021860875250575575
0.0012797305237893996
0.0007420679774919623
0.0006220910820717875
0.0004559795029069248
0.000354063529276142
0.0002701499940533387
0.0002369869108262815
0.0002359597196214293
0.00016778262307573307
0.00016772768729807514
0.00020159784655429815
0.00015248876849287434
0.00013425624684283607
0.0001173878272407149
0.0001005899479710742
8.365467778946225e-05
0.00015199088957160712
0.00011837587716351999
8.37096821908888e-05
0.00013524043545322983
0.00010100173469828933
0.07042006325515869
0.08040887027072083
0.004891702567080134
0.001943093802975981
0.0011298313614373145
0.0008629598274925037
0.0005049119727980149
0.00026988601312041285
0.00020158437301257722
0.0001680524468323902
0.00015193834827330552
0.00015216089883132985
0.00010133390927589254
8.434617132144539e-05
6.704862401085465e-05
8.402689678692505e-05
0.00011782524372009855
6.736859336103264e-05
0.00011825235315451497
6.721479646665485e-05
5.033986005736025e-05
0.23341796791033917
0.016467223506371833
0.005140665724971577
0.0029499816009774804
0.0016141936942738922
0.0011787974091834927
0.0008100008592009545
0.0006409123160043045
0.0005059342181898261
0.0004372800724874986
0.00037522044302405494
0.0003033988055233893
0.00023672053296315042
0.0002349459419125005
0.00018417344208022482
0.00013539336229625502
0.00020191240688099672
0.00011819388570362016
0.00010127956537823928
0.00013447663942842106
8.376183625506727e-05
0.17067573311076942
0.013815827759619998
0.003520546492042118
0.0019357839979133324
0.0012298363138382373
0.0010805379832163453
0.0007244570634180778
0.0004377641739617837
0.0004718181027687694
0.00033579953872647723
0.00036952486261725425
0.00026942948247060965
0.0002532284118627247
0.00020174269907568632
0.0001337823641829585
0.0001347521087154746
0.00018481612695675148
0.0001400831719174197
0.00013530406194101822
0.00011733425658588347
8.397267543171581e-05
0.00010116414265020897
0.00013474274647275083
0.00010144717893318127
0.00010052007672033812
0.0001348484393307253
0.00016767926710216624
5.044663006341771e-05
0.17104116732279132
0.07262793732807041
0.0052398377294211014
0.00258112769377859
0.0012805167990001408
0.0007453823866518704
0.000589552386908939
0.00038758634932731326
0.0003202540848992373
0.0002520264653292926
0.0001851879121539624
0.00016757140524293246
0.0002022792769007777
0.00013426311412139942
8.3981946993031e-05
0.00013468672129276552
0.00010079513549020415
6.758660249608128e-05
0.00010062480884555139
0.00011712310737685153
0.00010073328464242973
8.375571280913917e-05
4.996768640060174e-05
5.061283438025336e-05
0.054426990525404874
0.18246148728986122
0.010165931266046277
0.005131740751676261
0.002625177315387287
0.0017688160272021042
0.0010959448954580646
0.0008400144325079103
0.0006728160427883267
0.0005759420522831772
0.00040300274880504923
0.0003021530684475836
0.0002405910164509949
0.00018449481209053804
0.00018578605775378254
0.00011782006262556503
0.0001518854626307362
0.00016872107026804435
0.00010111395539225716
6.726319705577274e-05
8.354751809843277e-05
5.001956474428114e-05
6.710186257566276e-05
0.00010132758486035623
5.055893898794525e-05
8.418963437801913e-05
0.13536655412447687
0.006998544371392774
0.0015323555060221177
0.00087852435872743
0.0005051671625360062
0.00033671070919617227
0.00025250508915632965
0.0002532102633267641
0.0001861671892631995
0.00020136114724568632
0.0001850365722355874
0.00011749495384528449
0.00016886728668683454
8.473360763960763e-05
8.418934762870011e-05
8.42438998485082e-05
8.467549678722495e-05
6.726114692068413e-05
5.066361964533203e-05
5.039205088427192e-05
3.3793129075906776e-05
5.050538793990486e-05
3.35775340270055e-05
5.099155057809855e-05
5.099155057809855e-05
0.1160248955135773
0.08252048987748199
0.013112236893931893
0.005341617569425389
0.0033054701003589126
0.0020886621486983802
0.0016154923108651449
0.001146751330969365
0.0008591997976365842
0.0007426136418392784
0.0005160499106798517
0.00045496007231505295
0.0003220335274052463
0.0003033490630945093
0.00028712551575154065
0.0002527431572640413
0.000168001005965236
0.00015145217460629188
0.00016902199774784476
0.00010111127906527958
8.457268367668516e-05
0.00011819879597935237
8.435342215785855e-05
8.418413834940446e-05
0.00010117253803304936
0.00010062480884555139
0.00010702951419118203
0.17608314596092034
0.006131774733627313
0.0027604136959110434
0.0017330506314082365
0.00094310015832123
0.0006884506205096841
0.00037157736645129167
0.0003372949695116595
0.0003990289767419821
0.00021881867004068273
0.00018573149695600333
0.0001011109114379475
0.00010095445414710986
0.00010117414211364169
8.429364962993483e-05
6.70008569661724e-05
8.429297074479492e-05
0.00010133341910611642
5.056029308195177e-05
5.012932846224622e-05
0.00010165273530506774
5.023376771101826e-05
3.363074563247593e-05
5.044594627658003e-05
6.688931025564671e-05
6.770034884347728e-05
0.00010095058425672744
5.033849983623153e-05
3.3739578027866386e-05
0.18657447805285063
0.007220762269571424
0.002775925216510108
0.001387990040606574
0.0010464417159949477
0.0007574980061403231
0.0005742153692010202
0.00035432420278850354
0.0002856054355537421
0.0002703835562753834
0.00021931451720822798
0.00020243503447425992
0.00011798176105673375
0.00013490340451856978
0.0001352932169347217
8.424527967642796e-05
0.00010214837537588257
5.066152907123691e-05
0.00010052007672033812
5.044663006341771e-05
6.721169614282094e-05
8.424221488990281e-05
5.0879898481070995e-05
0.00010100380444016896
6.742557437208138e-05
8.407738182301585e-05
8.380994764401725e-05
0.00010084414756611774
0.297245122424915
0.01708199062482699
0.00617064109415208
0.0036048841049992723
0.0026617362384537334
0.0016026931336933846
0.001221895469107518
0.0009431305316914069
0.0007927283669184697
0.0005894823526767524
0.0005049742059782148
0.000453781422325655
0.0004201531275420597
0.00042089185260824465
0.0003199988890341238
0.000270853837412831
0.0002520810494101361
0.00025315604687325266
0.00013490477821936732
0.0002020076689261355
0.00021904118873767163
0.0002021199251574121
0.0001514603555398552
0.00018545947846417365
0.00016837690858856628
0.0001512395818472693
0.00013506437382219654
8.450854863775404e-05
0.00011819877024543912
5.066152907123691e-05
0.14102863415977673
0.009214789723046124
0.0019344703429133485
0.0009739983716587487
0.0005558638453581616
0.00037081674795205657
0.00028755787735510813
0.00021893659753626898
0.00021903638752471458
0.00018487269499976384
0.00016767549034404127
0.00016854269626109222
0.0001183593596674894
0.00013506961618795207
0.00013506610779777953
6.748016580547158e-05
8.413093287105624e-05
8.381442166864872e-05
5.099444748147538e-05
8.375673603854682e-05
8.365334942936898e-05
3.36849865944762e-05
5.061392378258078e-05
3.3686366422395954e-05
6.747882028943614e-05
3.3793129075906776e-05
6.715507418113319e-05
0.1206225809665691
0.006562884883513968
0.0019009040766640713
0.0009456271011578409
0.0005036907380838927
0.00037125118174835255
0.0002523001785831232
0.00015156636210648638
0.00011760615743696689
0.0001006817371633492
6.699816348325265e-05
5.045217633443443e-05
5.055893898794525e-05
5.07714116553727e-05
1.6977928431802674e-05
3.363177498900577e-05
1.6869096036412215e-05
1.6923336998412483e-05
1.6869096036412215e-05
1.714383619592378e-05
3.363074563247593e-05
1.6977928431802674e-05
6.742352423699279e-05
1.6977928431802674e-05
3.352635907695482e-05
3.347076402094803e-05
3.373853764251659e-05
1.6761649596063715e-05
3.357685024016782e-05
0.34537630685065923
0.011571987343363855
0.004742625437823957
0.0027759446431637595
0.0018177571816762027
0.001346826515356569
0.0010271922783239892
0.0007426642004008356
0.0005051313311253724
0.0004214447910750383
0.0003024322875334244
0.00020800175047234486
0.00016848363325391944
0.00015193657753498932
0.00015752217487285011
0.00015118778560702738
0.00010160096970043684
0.00011832452820319878
0.00010164990947630845
6.699575674965193e-05
8.413161665789391e-05
0.00011846893589551512
6.715575061542423e-05
5.088094866981632e-05
6.769404893642977e-05
6.737032366034232e-05
5.007310966519933e-05
5.0608674064278604e-05
3.368429668051632e-05
0.1577978821348791
0.010406680929621584
0.002674238523468375
0.0010250879133022145
0.0006110231784221373
0.000455337610880011
0.00033628505679141534
0.0004043442319686476
0.00026965831332889043
0.0002364186165658267
0.00015167204883733863
0.0001688623751856779
8.403386332486806e-05
8.429571692096559e-05
6.813185142451211e-05
6.796983928468667e-05
8.397095125952834e-05
6.796701345592737e-05
0.00010095025951925078
5.0608674064278604e-05
6.683575920760632e-05
8.445952798386938e-05
6.731711205487188e-05
5.094055208916727e-05
1.6923336998412483e-05
6.720964600773235e-05
5.0881304042904e-05
0.12826829137231566
0.030845119887472766
0.0029456100291817594
0.0012615781118112959
0.0006401443069702701
0.00043614670438201804
0.00025317183279089235
0.00015140035998468336
0.00016848715022206308
0.00010110713100354923
8.473083327867483e-05
3.35775340270055e-05
6.688797699385567e-05
5.02873383658497e-05
3.384807465696021e-05
3.4010802444658784e-05
5.039205088427192e-05
5.050087102541798e-05
3.373853764251659e-05
3.390126543021516e-05
5.049984166888814e-05
6.747707528503318e-05
3.3793129075906776e-05
3.35775340270055e-05
1.7032874012856107e-05
3.3311460069135614e-05
1.6923336998412483e-05
5.0663275301064314e-05
0.1303174661435677
0.0031356660587909192
0.0012136239766780484
0.000707885632781606
0.0003030235425716168
0.00030384888431351435
0.00023552403466677979
0.00016946228049499423
0.00015167351567039363
0.00015150400270756923
8.413539341601886e-05
5.007310966519933e-05
6.75866122994768e-05
5.06076336789288e-05
3.401506324543765e-05
6.678154765579262e-05
6.710219956738384e-05
3.374131200344939e-05
3.36849865944762e-05
8.408247713783854e-05
3.379661295759051e-05
3.3847024468214885e-05
0.3508070489158854
0.14544694242802889
0.0029955845534507383
0.0012448688797456653
0.0005227728967407816
0.0003709220597030301
0.00030400950804744894
0.00020217175938581165
0.00013457618923367638
0.00015188270174947225
8.461983065660063e-05
0.00010606191782770972
8.44000667137535e-05
6.736928327499252e-05
0.00010122328776081926
4.9967023445979544e-05
8.419071397695103e-05
5.055339271692853e-05
5.5408128537237646e-05
8.407669190905596e-05
1.6815200644104105e-05
0.1771296493537528
0.0055150933428912575
0.0016682691479984082
0.0006735135543797362
0.0004894138803999675
0.0003726377433754112
0.00023564284691881193
0.0002017474806818523
0.00015123450613923763
0.0001014914473910865
8.392118432215954e-05
6.780848519778565e-05
5.023717684181113e-05
6.715370048033564e-05
6.73181622436172e-05
3.373853764251659e-05
3.357685024016782e-05
5.018022279010007e-05
6.726149126495186e-05
1.6869096036412215e-05
5.061177438811252e-05
0.0
1.6603022078542333e-05
5.06104080398616e-05
6.732397198088859e-05
1.6923336998412483e-05
0.0
0.15499009284386903
0.014664607208320185
0.00238432666580928
0.0012970808072407778
0.0006399241190305666
0.0005397280175729017
0.0003199285790814381
0.00021887364870819606
0.00016826391587720105
0.00018557836669252107
0.00015215419453421704
0.00016795330386804906
0.00010036452869443517
0.0001010089524482426
8.375605960425578e-05
3.336400136743721e-05
5.0502587845058816e-05
5.045217633443443e-05
3.4740694651478215e-05
3.4010802444658784e-05
3.3364671674606045e-05
3.35775340270055e-05
3.412176462772645e-05
3.3793129075906776e-05
5.08402461970323e-05
5.0608674064278604e-05
3.368429668051632e-05
0.0983380825038215
0.054457991956243
0.0015804383389063572
0.000825019565557963
0.0003712492271963703
0.00021754524940134664
0.00018519413363384573
8.375672255887797e-05
6.720862522917358e-05
8.396958491127742e-05
3.352635907695482e-05
3.395585686360535e-05
3.358095051034501e-05
3.373853764251659e-05
3.384982456306094e-05
1.6761649596063715e-05
3.352363863469739e-05
1.7199862601333542e-05
1.714383619592378e-05
1.6977928431802674e-05
1.6761649596063715e-05
1.6761649596063715e-05
1.6977928431802674e-05
3.3739578027866386e-05
1.6761649596063715e-05
1.6761649596063715e-05
5.055408263088841e-05
1.6708437990593284e-05
1.6815200644104105e-05
0.18258739598585585
0.01821018107308957
0.0038878075006466947
0.0017694121704583889
0.001044983509927988
0.0005917670989507123
0.0004714047474982707
0.00023650225300930047
0.00023611965711767735
8.397161543957497e-05
0.00015210218629554698
6.67818907746359e-05
0.00011836616077313298
5.071646607431926e-05
5.039205088427192e-05
1.6815200644104105e-05
3.37924330348247e-05
5.077036146662737e-05
6.753515060010709e-05
6.732642160434472e-05
5.066713538805121e-05
1.6815200644104105e-05
3.3686366422395954e-05
5.055753342611225e-05
1.6923336998412483e-05
3.358095051034501e-05
1.6761649596063715e-05
1.6761649596063715e-05
3.406895863774576e-05
3.373819207282443e-05
1.7088174966997223e-05
1.665556337684393e-05
0.25954283613736107
0.012008604346039264
0.00439139041731036
0.002333624879094331
0.0013486048513043083
0.000995833099525618
0.0006237239883232274
0.0005225476257404998
0.00040504634380340577
0.00031929973292311553
0.000303444828789093
0.0002363452406011914
0.00015135272283499178
0.00013599497339639226
0.00011803391757176111
0.00010154563320898696
6.73181622436172e-05
0.00010078824983027421
5.03927346711096e-05
3.341687598118657e-05
3.363074563247593e-05
5.098873087646146e-05
3.3311460069135614e-05
3.3793129075906776e-05
5.055753342611225e-05
0.10857910144780027
0.05462698537831832
0.003901641499741297
0.0014152471821657136
0.0005403410900678289
0.00028657669348544195
0.00016837449327699447
0.0001344203483313322
0.00011819703626985613
0.00011873982454601087
6.808080146775434e-05
6.769580864592603e-05
3.363074563247593e-05
3.336400136743721e-05
1.7032874012856107e-05
1.6977928431802674e-05
1.6815200644104105e-05
1.6708437990593284e-05
3.363074563247593e-05
1.6761649596063715e-05
1.6815200644104105e-05
0.0
1.665556337684393e-05
1.6815200644104105e-05
1.6708437990593284e-05
3.3846673996824966e-05
3.3847024468214885e-05
3.379452360891982e-05
0.1565574254669053
0.004155722776378848
0.0014007390881153315
0.0006740143792213578
0.000388013596009267
0.0002191427935797133
0.00021812555649758955
0.00016778089277642337
0.00013522849001578594
0.0001517728118127898
0.0001179240496927186
6.736996706183019e-05
0.00010047519800106162
5.077036146662737e-05
6.748297937998647e-05
6.710117266170288e-05
3.395621101126859e-05
1.6815200644104105e-05
3.406574802571221e-05
3.36849865944762e-05
6.694085160760502e-05
0.24442768653879235
0.004826054822555498
0.001683179285426281
0.000705798962888749
0.0005379697785859829
0.0003529840014188697
0.00020190086705904257
0.00011770881246775389
0.00010078820939126768
3.363040128820821e-05
5.0879193862017834e-05
5.039342458506948e-05
6.754142232239247e-05
3.352465941325614e-05
3.3470087586657e-05
1.714383619592378e-05
3.352363863469739e-05
1.6815200644104105e-05
5.580155473006399e-05
3.3793129075906776e-05
1.6869096036412215e-05
1.7032874012856107e-05
3.352363863469739e-05
1.6761649596063715e-05
0.0191704027293446
0.19291776097379626
0.009233343813225235
0.003626436723004046
0.0016522293934892666
0.0012971045535155818
0.0007916108999205263
0.0004713989438881215
0.0004552917628500022
0.00035351235419511795
0.00027968246538780236
0.0002866325936721344
0.00021915862483805733
0.00020228046066078702
0.00011760033054375335
0.00010095269443761362
8.392921207766783e-05
0.00013496222611712782
8.407874204414456e-05
1.6761649596063715e-05
5.044663006341771e-05
3.373853764251659e-05
1.7088174966997223e-05
1.6977928431802674e-05
1.6761649596063715e-05
3.36849865944762e-05
5.03927346711096e-05
3.352329919212743e-05
0.28665193098009023
0.029326155765815393
0.009474642844380517
0.005030182197591976
0.0027146784037253573
0.0021525811097633683
0.0011608586328006104
0.0008904403614762583
0.000489936450398282
0.0003883447326523693
0.00020249762547839629
0.0002528918625198697
0.00013528873065584584
8.457154648280458e-05
0.00013447217520718511
8.402554269291853e-05
6.764464840096862e-05
8.413196222758607e-05
0.00011728071901751191
8.381269382018792e-05
6.792424124126371e-05
8.445676832802985e-05
5.028597201759878e-05
5.0879548009681076e-05
6.737346319775833e-05
8.434891137049387e-05
6.72110258356521e-05
5.044594627658003e-05
0.3547392911424762
0.023917166293157557
0.0031169401641052805
0.0011826713336631656
0.0005730490812933758
0.0003716091110714172
0.00023629118957997936
0.00016815475261721172
0.00015237483710638786
0.0001011140080855081
0.00011787466508777518
0.0001012743732548858
5.0073786099490366e-05
3.3793129075906776e-05
5.033918362306921e-05
6.737273284479191e-05
3.368429668051632e-05
1.6923336998412483e-05
3.4182115555985976e-05
5.0662225112318994e-05
3.357685024016782e-05
1.6815200644104105e-05
1.6923336998412483e-05
0.1292564092069178
0.012401747444987688
0.00335268049721459
0.0016171556174460994
0.0009750867666872709
0.0005885811571620012
0.0003717716329878098
0.00028544292834244275
0.00025174844715940324
0.0001521109382768995
0.00010116861667484046
0.00010057193668265091
8.376012678797308e-05
6.742526924139575e-05
1.6761649596063715e-05
1.6923336998412483e-05
3.35775340270055e-05
5.072452201458969e-05
1.6923336998412483e-05
3.352465941325614e-05
1.6761649596063715e-05
1.6869096036412215e-05
1.6869096036412215e-05
1.6977928431802674e-05
1.6761649596063715e-05
3.347076402094803e-05
3.395727100340944e-05
0.15272571025906426
0.023597895671417447
0.003740057366360959
0.0012811671133692328
0.0007424320584457171
0.00045550457495999966
0.0003028573149717168
0.0002527238102629781
0.00013479728766373897
0.00011803323378492343
0.00010073638496626364
0.00013506889563838118
3.363074563247593e-05
3.3905485791987496e-05
6.747879945722066e-05
3.368429668051632e-05
3.37924330348247e-05
5.05001872385803e-05
1.6815200644104105e-05
1.6923336998412483e-05
1.6869096036412215e-05
3.4176349933994446e-05
0.0
0.0
0.0
0.0
0.0
5.044663619053991e-05
0.17528023732286926
0.0028927601984162863
0.0012134816865191648
0.0006405563706434087
0.00040314739668055583
0.0002522390078459131
0.00013593473275633235
0.00013452883760787937
0.00011815363418703017
8.413229309218495e-05
6.758798600027436e-05
6.748090963810682e-05
3.379452360891982e-05
1.6815200644104105e-05
3.310194925258034e-05
1.6869096036412215e-05
1.7088174966997223e-05
1.665556337684393e-05
1.6923336998412483e-05
0.0
1.6977928431802674e-05
1.6603022078542333e-05
0.0
0.0
0.0
1.714383619592378e-05
0.0
0.05017172007600924
0.5092027272048749
0.23327483903788226
0.004590839741898603
0.0025056883962334773
0.0010782639888164245
0.0006737925198027178
0.0005049680420932801
0.0002354282849027138
0.00018481168111688214
0.00015171993964988934
0.00011805003435399972
0.0001011648154082267
0.00011766144613686361
8.365267299507794e-05
6.758695664374451e-05
5.044663619053991e-05
5.071892059947315e-05
1.6869096036412215e-05
5.055408263088841e-05
0.0
0.0
1.6708437990593284e-05
0.0
0.0
0.0
0.0
0.0
1.665556337684393e-05
0.0
0.1782622214921407
0.008076651759543701
0.0027411563701829626
0.0015984224020748547
0.0008961292155283062
0.0005557221446284338
0.0004566564653558951
0.0002540907883820565
0.00023629146530047842
0.00015242516773899918
0.00011787535500173506
0.0001516141990003617
8.38628222577666e-05
5.039410101936052e-05
3.395621101126859e-05
3.3739578027866386e-05
5.0717506459669066e-05
3.363074563247593e-05
