0.3746531369066552
0.02583772221237029
0.020922102325130254
0.017039007426999313
0.009963864382160337
0.009298810563172753
0.009153096162174877
0.01022180651780218
0.008865927768209459
0.008744830455582001
0.008816471235753087
0.010575363438846054
0.010074341662938854
0.009033656150323192
0.008718573741957938
0.008830778127977331
0.008682787152448374
0.040757285059723806
0.010896603794351808
0.008873255499393532
0.008751388101863038
0.008771068682452959
0.008999229205380144
0.008812357516542666
0.008946612230379526
0.009316899421575823
0.009177495533061263
0.008825750117141165
0.009024762155145015
0.008991866950313315
0.009130531070925492
0.008808454907940407
0.009326841139332636
0.008819848734664877
0.008705198959643511
0.008660165707605253
0.008703177868339577
0.008856801446037073
0.008798622557476751
0.012686676253246045
0.009154205434146877
0.009052044952802948
0.009687227162066847
0.00940786254849579
0.009622356954863982
0.009896510844363979
0.00895720528267128
0.009100194069507874
0.009112248942255975
0.008813355047574365
0.008723412007461058
0.009000636636598133
0.00874680524177261
0.008682285426307078
0.008731302776447448
0.008749605316399156
0.009044429046518513
0.008688827425756149
0.008731253082422834
0.008736029906369942
0.008684190055110345
0.009523333151408128
0.008792601757388758
0.008673891108973247
0.008689765785943325
0.008782140622038002
0.01248234234211084
0.008741834627979093
0.008713589853754169
0.00868384657047787
0.008714043373536122
0.008804016361184615
0.009482927635728725
0.00871250902694699
0.008633406660642082
0.008675979046567686
0.009169676066621354
0.00869792302163612
0.008711174583846801
0.008682035684193436
0.009622740548863811
0.008682886634242574
0.008626629426879319
0.008669489160131074
0.008738883604957282
0.008669903646468332
0.008703659918453349
0.01079873484253001
0.008627185562478476
0.008681974446057882
0.00862979216219269
0.008644442768816494
0.008670620216473348
0.008764685113228074
0.008664199110659722
0.008661723639938588
0.010423875194484074
0.009003595646936447
0.008611769855978262
0.008634667263341774
0.008625951131168557
0.008696137655428366
0.008630981785857953
0.008628714779440902
0.008607107740949447
0.008607702801543238
0.008989998090424035
0.008632712967473229
0.008619348249569732
0.008655213220902768
0.008833132676265546
0.008614879388264135
0.008622042635627287
0.011213806509285381
0.00878330936998521
0.00862336013478374
0.008628322493505517
0.008608894360766403
0.008628727512213549
0.008611769150746497
0.008640758709761462
0.008631727868985188
0.008847729356861428
0.00934332600414851
0.008658552696119601
0.008632762991749731
0.00859905057709272
0.008609790690733414
0.008601652060047184
0.008896595605428478
0.008660052868684655
0.00864848473207339
0.008606670991713672
0.008629107167086515
0.008605175631390394
0.008614847904659415
0.008645103352242394
0.008621642179174447
0.008625308194467309
0.009201679930188939
0.008655313350333782
0.008615920324442222
0.008678349448171885
0.008617455578458152
0.008629645065919154
0.00863147787688496
0.008671760527833708
0.008632939509851369
0.00887397127225995
0.008605075853656193
0.00862534734003834
0.008627742952299549
0.008639883939912052
0.008628974053518552
0.008646132240660097
0.008677051981028758
0.00861736645578946
0.008624774004994451
0.010279065388328347
0.00860830008628239
0.00865967418802412
0.008606851570259191
0.008619981167200757
0.008634253348665018
0.008605887770260634
0.008646097937966451
0.008635561761299246
0.00860373082043799
0.008653481652053367
0.009333238495807899
0.008639950894039908
0.008604832438408936
0.008626504259576138
0.008635581140161344
0.008615826467958916
0.00863533814768552
0.008643985434288256
0.008643241640866587
0.008667337673863297
0.008640092921957962
0.008630356180334562
0.008653781237080693
0.008641708088965205
0.008615738095862692
0.008637852972299841
0.011207068675981932
0.008617803144979438
0.008603910734190753
0.008631555889855678
0.00863788221215241
0.008603074411420445
0.008618123264444109
0.008605208766254547
0.00861959902839245
0.008672136306076458
0.008624790988151769
0.008628063807631597
0.008650140019476806
0.009142246234573817
0.008640673598519673
0.008659575439646449
0.00862642283257293
0.008618484797127741
0.008615033816864811
0.008624314978155063
0.008611196508680127
0.008641320209656108
0.00865705888840909
0.009403317329767895
0.008649124031102186
0.008631682044850956
0.008602244716358225
0.008636670305369128
0.008628528726924408
0.008600068504701516
0.00942228416924512
0.008677044620516857
0.008634547174197475
0.008603436527406111
0.00863221669140713
0.008615189554218791
0.008632198550836427
0.008623320278466531
0.008626387784208513
0.008616878626574027
0.008615093590005448
0.008652368470977403
0.009000474993311065
0.008642273993648
0.008613458299078048
0.008618679028126951
0.008604333122677513
0.008597131789735469
0.008651371335145087
0.00862182400336391
0.008637875213753431
0.008607132186941606
0.008621701714582741
0.008617305976191633
0.010185497863169172
0.008635071090324537
0.008683666933671032
0.008623807873625896
0.008610445915378238
0.008628707107058481
0.008602937482493488
0.008602776407190647
0.008608621755296267
0.00862462774446038
0.00864455349878163
0.008622955401599604
0.008643202688299904
0.008761114573204203
0.008617848663370273
0.008646398361796807
0.008648537645288008
0.008641224711104052
0.008649322895431204
0.008616237318461858
0.009781979710647934
0.008760717965196818
0.008606296382525839
0.008623793550252326
0.008630301016015246
0.00862303766740584
0.008631123604841138
0.008610682746419978
0.008608552100945657
0.008635305156196026
0.008623467559166448
0.00863670486662733
0.009025732264854014
0.008610460282867088
0.008659443032535675
0.008608798952283043
0.008634427232716822
0.008642751538488818
0.008649778809079802
0.008611682970321884
0.008602159051837302
0.00864318797769221
0.008654616398761344
0.008641834957157507
0.008627624872851333
0.008632252417431261
0.008892952316244575
0.008643228808221848
0.008634457692479421
0.008613210190455184
0.008611561749498115
0.008612744012651476
0.008617612986678356
0.008621023940290079
0.008639257850958721
0.008611567806771123
0.008605265195824599
0.00863249369431287
0.009505120151382137
0.008618097796447967
0.008612608507055005
0.008633189275860787
0.008625253881205266
0.008631443526399763
0.008622187327005362
0.008619474413755693
0.008621512425107588
0.008635612993844246
0.00862125316879859
0.008652732831327932
0.009583366925730126
0.008633927599600468
0.008609239523004937
0.008624493034777084
0.00864143308595215
0.008606950132372348
0.008646629954149065
0.008621247963195569
0.009555336030347176
0.00864377648042711
0.00860380847742291
0.008619448574455945
0.008626820517728399
0.008619898310127227
0.00863036578092234
0.00861821539981879
0.008631807478683952
0.008592496339942475
0.008617817141777395
0.008610968262349304
0.008623093672979035
0.008651435306589855
0.008612537388322189
0.008613988118687351
0.008865600735512806
0.008619262429419905
0.00861857077535732
0.008635731159684886
0.008611808227081049
0.00863766562634785
0.008627594895905963
0.008596166986727008
0.009966783098092204
0.008663469736194728
0.008626900226686543
0.008593823825082692
0.008608465554731848
0.008624584392007244
0.008620821693789606
0.009749905668860791
0.00861912709048116
0.008618340353898116
0.008632875915224615
0.008607950999009373
0.008614551723248473
0.008630818484571616
0.008624312179898353
0.008624788077768723
0.008754456932288839
0.008840957365464419
0.008616320793149307
0.008620122677989697
0.00861272009788081
0.008607186107455115
0.00865023015802236
0.00861449386667166
0.008623072588326116
0.008603860467280212
0.008612229159763573
0.008658268954604864
0.00862787179587605
0.00868199392724292
0.009483447309436375
0.009053922832428821
0.00862315279480658
0.008615413017718024
0.00862179231817687
0.008630781409355175
0.008614362984601604
0.008627878203620447
0.008636634709852698
0.008631705229881367
0.00861754793440923
0.008611510972811006
0.008618376928528673
0.010092277446835253
0.008635774112649654
0.008623374407914908
0.008632248269982244
0.008621061181551532
0.008637331894868495
0.008618247733255358
0.008624565222692724
0.008621995888135739
0.008606809710373024
0.008639712685008386
0.008632863385259712
0.008596026386428429
0.008607649224761284
0.008621869027908695
0.00933569357669177
0.008645818626973778
0.008601626236677954
0.008632723231015629
0.008615219695371037
0.008623222477954665
0.008616183816430796
0.0086402420438581
0.008618083514738828
0.008629022675909493
0.008643862020567451
0.00984125461453866
0.008671835963124114
0.008622661815637625
0.008648991199994557
0.008641803188028893
0.00861553974069753
0.008621953160649067
0.008626759427869203
0.008631686732712153
0.008651338605896423
0.008615796413199093
0.008616079023647073
0.00861678080951893
0.008634811616502702
0.008631442917363816
0.008620046505606488
0.008930657053439829
0.008608792332540216
0.008620801249420957
0.008616463466253327
0.008595740252272471
0.008617221309778917
0.008618415343134027
0.008635008452754271
0.00862372704340439
0.00862185427502386
0.008617401817862533
0.008952353186415215
0.008628446527903802
0.008628405960227705
0.008628837997093797
0.008615681192666097
0.008626936537238132
0.008616524217282666
0.00862584811463756
0.008623159984371772
0.008640577834050514
0.008642460573709716
0.00862708138118155
0.008609245853547595
0.010124929974125209
0.008648952975942705
0.008606443767999544
0.008600122643340575
0.0086332582635805
0.008625120025642804
0.008597389386819773
0.008613064366784927
0.008632309549169517
0.008620297959025362
0.008614563760592749
0.008611898018218773
0.008628982447675968
0.008625429379141056
0.009158672308426742
0.009263556507587629
0.008628646707725956
0.008650303831152421
0.008615101696800832
0.0086091740589932
0.008611488625970914
0.00861844062915464
0.008642592889526369
0.008621845593504412
0.008632235740630054
0.008660275096956053
0.008621566998159611
0.008633921566223236
0.009463611894017575
0.008681951271443578
0.008624810620676725
0.008653369262250826
0.008627941678155606
0.008630821772385389
0.008643516449037155
0.008636873056131759
0.0086013333338901
0.008617208282904406
0.008624073099590054
0.009164444654934892
0.008625110806162028
0.008620000027708317
0.008607570162827247
0.0086181552229008
0.00862561464493506
0.008608197466788911
0.008613292502214837
0.008639897471048721
0.008615781171982619
0.008614100439253411
0.008616131215086698
0.008643285169780843
0.008634406445229328
0.010688449436259505
0.008653480992162305
0.008660615682847013
0.008605255227609488
0.008619033150668991
0.008611865921289121
0.008626083202513032
0.0086240131450866
0.008611086531125597
0.008633877016530421
0.00860026136261264
0.008620523880113308
0.008643769160966928
0.010033249189636034
0.008691589441150427
0.008628419922713779
0.008632616356235781
0.008642645655077342
0.008618608466349542
0.008641540595501858
0.008612540922446274
0.008616628426764356
0.008631880351611854
0.008626038314603074
0.00861115667503327
0.008615933633777068
0.008618399689562227
0.008609017632950685
0.008622302450729829
0.009168777435919956
0.00865519780567602
0.008619832044075194
0.008628627913391316
0.008633552850101535
0.008608326597727443
0.008616003762979649
0.008625062501768728
0.008632866679200608
0.008625259623544193
0.008646165664724417
0.008607653416325583
0.00863449436453122
0.008627665925795506
0.00863298592709103
0.009912267962691228
0.008632098095442511
0.00861266269103477
0.008634636163294903
0.008608245072077568
0.008623577976648353
0.008622478512360861
0.008658747066204486
0.008615978907695726
0.008606053958034241
0.00861127072528593
0.008619964788177687
0.008622127028770353
0.008626119369689964
0.008619329061873845
0.008618886292127795
0.009680103969539663
0.008663876006673826
0.008611395672012708
0.00862063223826944
0.008609411964732173
0.008625308580476006
0.008610309006670784
0.008621734453022088
0.008634796105692849
0.00863521902417568
0.008611432363058587
0.00861883986876101
0.008629167217785786
0.00860269072735192
0.008619048318972714
0.00868143147641891
0.008629155639975674
0.00861967838075208
0.00861729220364635
0.008651890489885485
0.008631225832198795
0.009715130574094425
0.008640987345164544
0.008612986546205847
0.008624311794502366
0.008649431795224939
0.008633282981004175
0.00860645354443573
0.00862234985872515
0.008610090356638752
0.008610028353225637
0.00859645112405384
0.008609276156455866
0.008596620695224325
0.008617359655296529
0.008650283342668492
0.00862900630914067
0.010114033666047219
0.00861160195261044
0.008631440548618374
0.008615719546000229
0.008592370342414238
0.008624104664072787
0.008623321850686089
0.00862873564535556
0.008598770394823268
0.00863399110844751
0.00862871756605608
0.00861460217703624
0.008598650324060337
0.008618599357769678
0.008607579711334485
0.009494105265720894
0.008635485682048296
0.008655947927802212
0.008651213547043306
0.008621092717849502
0.00864552627195065
0.008617004643096343
0.008638582156824046
0.008634507194112398
0.008643989851330651
0.008625328426224817
0.008609444983793717
0.008628478282940034
0.008623927586564892
0.008608958741502934
0.008648292323893034
0.008713743699052812
0.008658637138892358
0.008618806222282154
0.00862833693084356
0.008635763311758637
0.00861716334352662
0.008627706011267085
0.008629039739944826
0.008623353124130517
0.008649413286414194
0.009066228840598151
0.008625393134762386
0.008607254718356815
0.00862831016083395
0.008623554102316695
0.008620950631723788
0.008629812826525028
0.008605179624435933
0.008620130827674936
0.008642293643941612
0.008682262817226154
0.008640532568097114
0.008643301104587551
0.008660555643176563
0.008615758372960906
0.009852920794908546
0.008806643606237086
0.008624788161097584
0.00860688221689902
0.008609509142115713
0.008641816421387423
0.008635170425067803
0.008633802630203335
0.008615576003457567
0.008616821614314655
0.008627714671341604
0.008614625727855846
0.008635622172886015
0.008625680871773511
0.00862808344138198
0.008613589057380236
0.009826626139692962
0.008632863189804515
0.008622145489789545
0.00860438491217792
0.00866269687693076
0.00863347184035535
0.008609215989953985
0.00864292328662582
0.00861341360539786
0.008614240631485652
0.00862061499225858
0.008613305721480988
0.00866607812625405
0.008642030633544844
0.008790723803011994
0.008643045242091543
0.008600278296140268
0.008628326979784393
0.008619610552283887
0.00862997952101164
0.008640072994105715
0.008610915298279571
0.008610902447253465
0.00864614079412269
0.00861869014701561
0.008647025876531475
0.00862343183926944
0.010354729670124423
0.008639155403637376
0.008633213093210208
0.008613540675172485
0.00861475217450214
0.008610552736852121
0.008611055005243734
0.00863406172046732
0.008638048836789829
0.008625322567470568
0.008594896521811423
0.008625845108671409
0.008629002858345445
0.00863510359593324
0.008637634620658662
0.008724474370185482
0.008640152310928035
0.008611525130752277
0.008634844680292238
0.00862016694583489
0.008651909260937061
0.008625674740975036
0.008619091564813924
0.008612502845445354
0.008617435689819486
0.009607934543103176
0.008629684979218597
0.008615972482795387
0.00860691645832144
0.00861957259782541
0.008625607557080098
0.008619513807475174
0.00862277858633254
0.008645441216465674
0.008606131868682018
0.00862541629896058
0.008624296526326554
0.008640113670844584
0.008612852811960406
0.008633989627522074
0.008613374996562733
0.008602472973105155
0.008628564012408453
0.008778396627473596
0.008677803439480302
0.008617664558665925
0.008638814608811548
0.008643638432687638
0.008635597080482465
0.00860776667679219
0.008632715357050888
0.008625339242433638
0.008602497856573839
0.008627740570074437
0.00865684942844765
0.00860951157274509
0.008605839459127502
0.008628140552900732
0.008619450616013062
0.00968164008686711
0.008647214530011344
0.008603898051660508
0.008650040347129106
0.008603266882710158
0.008610868931895024
0.00860628922727253
0.008626735658924045
0.008679989537861395
0.008622437479023479
0.00865597255822075
0.008624855143410203
0.008598390787129144
0.008623173276550676
0.008606884969815024
0.009765764340562255
0.00864524910116176
0.008605574383277838
0.008623489393166414
0.008615122383190808
0.008611677983457125
0.008648911228182872
0.00860432074405253
0.008627636790716726
0.008597734838258476
0.008612917766195575
0.008616165228580174
0.008613843335402443
0.008623781747576829
0.008617933538717855
0.008621398191041263
0.00861179335778089
0.0086173240297572
0.008622986952602668
0.00938467121021332
0.008663519823580589
0.008674025988990539
0.00861761560969937
0.008610684569851545
0.00860931740240439
0.008597850592463816
0.008631067256761812
0.008642882448130924
0.008638147321088533
0.00861970641172344
0.00863139190110623
0.008602018960702576
0.008634438342414796
0.008613913651482251
0.008617829044324983
0.008610009108547513
0.009188235679175705
0.008620463375394282
0.008650736269957729
0.008659741708298066
0.008609680090663268
0.008650865904545706
0.00860951255798634
0.00862614119082297
0.008660858103662338
0.00865046486417812
0.008619153048034366
0.00863609982188791
0.008629936759213084
0.00862731311261948
0.008636526409904227
0.008652919270465837
0.009234842118856154
0.008626147983963356
0.008625539911812858
0.008637764396783161
0.008642790185924816
0.008612778488129965
0.008654118576822313
0.008629248733019554
0.008635830014674483
0.008601582547233097
0.008622287160496374
0.008625196025853878
0.008638745039627936
0.008615547490894403
0.008630959971464779
0.00860990859065695
0.00952724876789082
0.008679747716278621
0.008624280389937523
0.008632632729744441
0.008621611175936107
0.008642096334063498
0.008610352433262098
0.008613635864304869
0.008611308541884155
0.008606834876302042
0.008643012798979487
0.008607190517144965
0.008609387242406803
0.008636396318232934
0.008642822396206229
0.008626654722703327
0.008621524415885736
0.00862525435176825
0.010482494099874442
0.008607141409485944
0.008622939427579312
0.008618599828945375
0.008628441927047741
0.008609855512622744
0.008618579148069808
0.008593425679167635
0.008602886115764513
0.008645725709165594
0.008617858289691962
0.008612690919299462
0.00866719476976677
0.00863072087522596
0.008611145576364115
0.00863579876512583
0.008608897685955621
0.008620240793587934
0.00863560057355483
0.008640742568470734
0.008624068261001651
0.00860059597333403
0.00905392737752807
0.008672927216455144
0.008644217976344456
0.008640802036480684
0.008599724979017322
0.008602236986993568
0.008622638629994503
0.008624816859312552
0.008608874562809146
0.008627139781846812
0.008643550174555889
0.008629944059066474
0.008648806761974763
0.008629165571428052
0.008622936418549599
0.008621110673381114
0.010173941420170626
0.00862921815071451
0.008625575481595373
0.008644803936323641
0.008621482987348971
0.00864119525312593
0.008666889665427766
0.008623258358382277
0.008610837398660615
0.008671478442480101
0.008610257059090624
0.008621140355611906
0.00860466801095754
0.008619613903207018
0.008617338938883654
0.00865384172832005
0.008622555331155461
0.008622189027894484
0.00861161405183865
0.008637886407392981
0.008639939605429964
0.009399250745283146
0.008620570456658146
0.008630884792900792
0.008662111911383507
0.00864004227945483
0.008640787367537421
0.0086180191291006
0.008618866194554261
0.008601575785341035
0.008632908235794228
0.008629805517480953
0.008634556215991707
0.008646354855552905
0.008633947377950934
0.00860966818811568
0.008656090926869135
0.008653100895523829
0.009188106385255723
0.008605567996978368
0.008628308673781391
0.008620541499878624
0.008642363974726513
0.008611972499516254
0.008648655293386822
0.008609714603517204
0.008622218052685064
0.008613631392731086
0.008622238003207664
0.008631663421463025
0.008633303560782225
0.008622461981385162
0.008650448520692359
0.008631027307312347
0.008650163700804115
0.008618372701427067
0.008605996963543524
0.008619061336656542
0.008627110699461283
0.009325401553590048
0.008599775516746663
0.008619809557536716
0.008607915403492945
0.008630263416317145
0.008595900493061267
0.008628016062031844
0.008623835514299572
0.008617568107346367
0.008614849062072799
0.008626228387737156
0.008601235605678275
0.008607581920774751
0.008645506485022212
0.008607241472131327
0.008607260463759304
0.00876180407787232
0.008641657807962283
0.00863244332814295
0.008632435298549306
0.008619157430764876
0.00866162938274149
0.008652308539757014
0.0086042967557564
0.00861759298223708
0.008659966970720377
0.008630379022246129
0.008634809935833083
0.008628829624994021
0.008624029091534842
0.008600199589579317
0.008605507555981412
0.008639050373121312
0.009123664386692995
0.009247986851627693
0.008651625695883444
0.008612742579517592
0.008623478928654406
0.008635677992807407
0.008619335021725611
0.008632797768682634
0.008620001097503853
0.008650981398348353
0.008626249653140182
0.008624527287841039
0.008634555067769006
0.008612766137689744
0.008638028796811244
0.008643921433433302
0.0086291896007759
0.008624911908133838
0.00862345186209208
0.008631853868964276
0.008613889981796475
0.008616281931264031
0.009472848624481183
0.008614727337599585
0.008619121262362521
0.00859829423777563
0.008633221057856357
0.008619023278036987
0.008657641939230656
0.008609121567324587
0.008654311268688425
0.008633629056796628
0.008633585997219933
0.008617071450785978
0.00866353752238578
0.008610425720996174
0.008637421131501661
0.008634838260293595
0.008599602695137851
0.00863085904918415
0.008597970994091347
0.00863249594357943
0.008632574403217356
0.009032460814341902
0.008617665164025599
0.008633377470419203
0.008632995060792095
0.008628516101989111
0.008619784883002898
0.008638654059215791
0.008640603978480947
0.008659871396192006
0.0086363241707563
0.008611431653537836
0.00865173063633081
0.008622068924045092
0.008595232344477585
0.008641692209915307
0.008643955308453816
0.008630223117009
0.008619905256445667
0.008608160126880792
0.008625691414099971
0.008633907847596626
0.008636713535892532
0.008621989659916021
0.00895829398895761
0.008643368450238517
0.00861718169915931
0.008634802024492896
0.008629418136306891
0.008634114773993038
0.00859809328409794
0.00861656632960627
0.008622318859163083
0.008604590408504009
0.008612193302006313
0.008611651185875464
0.008634842545602863
0.00866187458404487
0.008621952800374281
0.008613774810893166
0.008632579657224644
0.008642063077882324
0.008616700082233078
0.008613762858715889
0.008618723497554463
0.009489863588303131
0.008760048899995654
0.008616077477774141
0.008632812376354673
0.008642246435077763
0.008638627563701257
0.008606003027556366
0.008617900378119788
0.00863093701620145
0.008624788781162351
0.008650137439958358
0.008651340287178755
0.008616164152044803
0.008618360177589286
0.00863559322100819
0.008629974944664068
0.008629674615191393
0.008604210172779857
0.008626292250731861
0.008612196152956273
0.00864986152216596
0.008614194453203756
0.009312743458921384
0.008661115292680302
0.008599481502498844
0.008643650253744502
0.008607105609936345
0.008615083395086817
0.008628396545291732
0.008619361092017866
0.008630352199543268
0.008626363545313086
0.008616619843278864
0.00861719595881081
0.008618298002004036
0.008632381118245816
0.008609161931580227
0.00861530254264117
0.008625889015629103
0.008614778793171832
0.008667955546345758
0.010508528269680314
0.008641350663291584
0.0086360690055268
0.00861202976421306
0.00863515167178488
0.008635315886625137
0.008614761249382832
0.008602035684069913
0.008611393534872485
0.00860896628521579
0.00862823735775524
0.008627330476883799
0.008629142225254327
0.008620925908172993
0.008630299460338919
0.0086021655949911
0.008628670443584653
0.008653919905497643
0.008609663214117876
0.008606943337393827
0.00863087717259891
0.008634024727354316
0.008614034713000844
0.009841015756644898
0.008617219780449216
0.008626871649175883
0.008607315689962553
0.008630392944905908
0.00864672378857473
0.008615488820635763
0.00866335049994584
0.008619286959353639
0.008624170462012684
0.008598588863510247
0.008602938852518012
0.008614961930403583
0.008669893421526803
0.008631199211078255
0.008633573010171714
0.00863785526813253
0.009027528831441152
0.008627439953239733
0.008624600100110432
0.008622285494531848
0.008639575740150911
0.008622839935369005
0.00861480376303294
0.008604396218556519
0.008610647892285335
0.008630861397097378
0.008614970771228208
0.008629113417363873
0.00860913742799312
0.00862591766972879
0.008658535863076779
0.008621688154035885
0.008608729660045356
0.008603575628397888
0.008614124080141712
0.008599450118153502
0.009117931557672196
0.008674314646908132
0.008613156946375966
0.008636824578953612
0.008626182787242885
0.00862152371923194
0.008625751779120611
0.008627554292692559
0.00863342961284185
0.00860992720546691
0.008632436888537516
0.008636059566695047
0.008633638923301509
0.008604524460449618
0.008632252810792508
0.008629063300567827
0.008609030507259856
0.008617139069706594
0.008605613990833885
0.0086050320220621
0.008604830385823
0.008622557397833781
0.008604834456070277
0.009821178811283684
0.00862108595534473
0.008614990748710145
0.00863413521100914
0.008618232864567912
0.008621426021655727
0.00861623234568948
0.008622358594775984
0.008603257851944747
0.008627772339203052
0.00861860947303572
0.008607734601920176
0.008598703883686347
0.008611036753159409
0.00863942914507597
0.008632616833538602
0.008624523026427548
0.008625295887529654
0.008609426392266821
0.00864334696119553
0.008628161034644826
0.00861131468922586
0.009854805617176585
0.0087189113145302
0.008616540531970952
0.00862948984079259
0.008636035868211796
0.00860997529173466
0.008624047150614818
0.008605302137469776
0.008616631160686283
0.008607489424512574
0.008632562645269851
0.008604095045379118
0.008623912955609787
0.008631964546236161
0.008615116287316931
0.008638463952382536
0.008613660660768418
0.008634610726547084
0.008650618848562436
0.008631859292692848
0.008632486469823083
0.008611316328231049
0.008616111894432258
0.008654254796228519
0.008614701524033751
0.008624681255069414
0.008942364642739687
0.008595630170556864
0.008641171433938373
0.008625351431730547
0.008629022965722374
0.008606776305915494
0.00861948337651005
0.00864314868078126
0.008611789635554153
0.008612459873486506
0.008606122408405338
0.008623167730279659
0.008619789134612994
0.008646946734944849
0.008616200744444014
0.00862613936310242
0.008620206031360125
0.00860562063814876
0.008628051888540779
0.008617101006798054
0.008608471042182493
0.008637227856946227
0.010815376455062314
0.008614873058946902
0.008604899535911452
0.008619858032876723
0.008621374205195983
0.008594873523045528
0.008643845408713739
0.008645406802871118
0.008614796939256944
0.008612357274212532
0.008620284366004757
0.008619340857196796
0.00862439349048624
0.008616787745421262
0.008606202643070566
0.00862920025339056
0.008615120809745828
0.008617524024540264
0.008642079951364155
0.008643043987256916
0.00862479773104975
0.00859925455327979
0.008639658966077197
0.008611195724408485
0.009641883274123662
0.008618739154189824
0.008641833974979817
0.008663539275968152
0.008625955297611653
0.008651855280990467
0.008679191849047417
0.008602719551172892
0.008623901454388704
0.008621827161895405
0.008639595906960925
0.008625375737411607
0.008639347982151728
0.008624343410452926
0.008617838737432305
0.008614820194136548
0.008610903433107428
0.008607905067650504
0.008621166793531494
0.008631833892095049
0.00862345109191282
0.00862382356396043
0.008980961318593472
0.00863315433227016
0.00861900583105652
0.008622169506270438
0.008620434767860723
0.008675187595776821
0.008627284712795365
0.008609999231626525
0.008616259219247456
0.008614296404228203
0.008654930099452797
0.008624393988621274
0.008599171770957151
0.00862445702077821
0.008632267550197675
0.008599757732161761
0.008595629424886092
0.008626857934225548
0.008625477092879775
0.00861166416924741
0.008602634060049527
0.008610875382529278
0.00859586657270005
0.008641960707150008
0.009990614190648653
0.0086260862844555
0.008599599945898118
0.008638080521976869
0.008621692782463997
0.008643886105672113
0.008621586646002374
0.008615304780266198
0.008664951241256571
0.008664714940823614
0.008606471846762456
0.00862448087427765
0.008671658891743343
0.008629699898761159
0.008637912320830908
0.00864084974654313
0.008640214038007943
0.008656623035571293
0.008603683816832736
0.008621167406243713
0.008619702386204154
0.008599480828515402
0.008639959872724782
0.008642742979511816
0.008634444470762422
0.008603124227374793
0.008997077864937876
0.008870752813833717
0.008638948594268999
0.008605205961258003
0.00862702171158928
0.00860605119531484
0.008611243703451597
0.00865129455617678
0.008630799050565416
0.008659117981963055
0.008647706851020063
0.008667096981509147
0.008634438547060677
0.008654587705448073
0.008629083945906084
0.008612859332443852
0.008616707786476534
0.008642636509122033
0.008643853846373723
0.008624238106667211
0.008626456974735974
0.008655155963558507
0.008634496053778811
0.00864164386753385
0.008671858794619574
0.008613405357678666
0.008615622023046996
0.008638985818987222
0.008608591850650937
0.008638223383796254
0.009603558008951183
0.00861441985471174
0.008627693907749888
0.008620674383679503
0.008605798480321506
0.008636790451495664
0.008623479489898798
0.00863309103419612
0.008623155618797203
0.008642254067021177
0.008636162945951677
0.008625494577235689
0.008620162196702471
0.00864576390380726
0.008601180020425665
0.008614525879047027
0.008615042881329396
0.008597651119711563
0.008627699755475317
0.008639285742231695
0.008632432097127956
0.008616185698070024
0.00864604155251168
0.008618386245430692
0.008599000906963881
0.00965554698272363
0.008628589777570021
0.0086155057596778
0.008621117062744146
0.008617504967352082
0.00862789205030391
0.008640562714151057
0.008612343263322194
0.008611880235472007
0.008629524503148307
0.008610416831767284
0.008625466767453441
0.008612932773968695
0.008638459860077618
0.00860873652487307
0.008629353452890523
0.0086161929219471
0.00861895650527195
0.008642516806599145
0.008608798799104988
0.008638105953210278
0.008602106340817714
0.008614071714079106
0.008613536464001394
0.008598574402276427
0.010202709358724716
0.008631165943868263
0.008611677458362752
0.008598303845103242
0.008623854748561586
0.00862017250436015
0.00866325596335197
0.008621054202759344
0.008628685810407134
0.008638599589712134
0.00861233312293495
0.008642891211141097
0.008613366060767715
0.008598029216457354
0.008631655015051365
0.008610946209611076
0.008625361466118576
0.008611634326486015
0.008609515117285284
0.008605751936863127
0.008663926341595423
0.00861166581131616
0.008633952186516436
0.008620885919509946
0.00860988282794623
0.009070595108144182
0.008662421552856502
0.008623951062020895
0.008654622129458738
0.008610541963533155
0.008611842812847739
0.00864484520616794
0.008634914653865915
0.008633819596817423
0.008608256773655548
0.008644966963114903
0.0086148539858282
0.008650533356213647
0.008632945484408227
0.008630792709606651
0.00864729368752849
0.00861484834213594
0.008623553407501037
0.008629113073632318
0.008621195586104143
0.00861717951606567
0.009137083221177913
0.00865809834611259
0.008625563161178051
0.008658280501779365
0.008625197953446523
0.008619496372136238
0.008625245859576879
0.00868419398933551
0.008603077535640056
0.008621257755562271
0.008617685583273046
0.008642437231824979
0.008609432004098045
0.008631046536059951
0.00866811905901781
0.00861028009952095
0.008623604322048395
0.00863917098613456
0.008632329847099945
0.008605599176065114
0.00860647406110442
0.00968410243084164
0.008627071664791161
0.008627770515771484
0.008659683420984565
0.008644298695052337
0.008610600021079575
0.008617013396915833
0.008621669252476606
0.00862454064251659
0.00863668288251287
0.008661857140740675
0.008611372300105072
0.008659999850696248
0.008622664580807874
0.0086329889741089
0.008633578306456146
0.008625689767742235
0.008636035766501567
0.0086364858857307
0.008626728904384531
0.008655699158062864
0.008648260567631376
0.008650163303766596
0.008623757904493495
0.008611141034328428
0.008618573452909723
0.00861835099977294
0.008623325003090461
0.009542806233941136
0.008655307955402685
0.008635130955984718
0.008613887935950372
0.008596280048674855
0.008639645499888023
0.008618824237246851
0.008622262685094029
0.00860577887598131
0.008614494389927898
0.008630267901370597
0.008613053923105135
0.008645743185556248
0.008613685471324349
0.008606618819268125
0.008644889782207382
0.008629632611317854
0.008615127950906753
0.00864127053401286
0.008621274450744846
0.008618672411447686
0.008623122387737232
0.008633313697493194
0.008641563075913215
0.010027824651670495
0.009283504569535389
0.008626323563389873
0.008652213699257883
0.008625403871931331
0.008607490648098879
0.008621909434441476
0.008624729572942382
0.008623959429218973
0.008624137118213663
0.008625472044131081
0.008646749616232945
0.008644642489717195
0.00861053071597493
0.008652068370046388
0.0086126390869092
0.008632640514253198
0.008639030605186953
0.008629905384671139
0.008628231485521323
0.008632300513502406
0.0086118595325388
0.008628648148212386
0.008637311777075458
0.00861371556162148
0.008605220157800145
0.00892279760323857
0.008609757292403005
0.00861440293098751
0.008631075163813014
0.008632768753082736
0.008618791134856444
0.008614902536531813
0.00861567160065629
0.008621185791899303
0.008618509379754726
0.008626953179114744
0.008606033250199336
0.008644539256286072
0.008642357534508368
0.008641896067236208
0.008606100682242724
0.008659357407841047
0.008635923017649667
0.008632960081664158
0.0086466354863277
0.008614497612181462
0.008625902751411655
0.008620375013714167
0.008608038724694204
0.00861584487934842
0.010096486119896565
0.008804777501714661
0.008643174168384192
0.008617293990315184
0.008596536240197326
0.008687716093232952
0.008621416408813705
0.008640488726086915
0.008611284024204666
0.00864258708346537
0.008655546158307085
0.008638297396981598
0.008619229050083575
0.008624774656920253
0.00861609955257001
0.008615292995359356
0.008639705305502407
0.008640482656559662
0.008620858735919588
0.008631504634640326
0.008609125197644493
0.008606680755895612
0.008657317690698331
0.00864545861871815
0.008632667382296764
0.008632427952742498
0.008663529572444723
0.009429100378857632
0.008679041215586231
0.008623733612904815
0.008612986469004108
0.00862500721245612
0.008617204262286817
0.008616867069596131
0.008617787149514219
0.008635928352534968
0.008629365463888174
0.008626589756213913
0.008620964626070897
0.00866028499838553
0.008617798278818985
0.00861460001600024
0.00867935642477517
0.008618314096115921
0.008627754884870036
0.008615281644252766
0.008621580822785434
0.008604303767022333
0.008611561219502043
0.008618607465177775
0.008611273203094147
0.008639726385866341
0.008630725817975441
0.008643690668242542
0.008640172727724636
0.008618006460050023
0.009302212611625069
0.008664976288932131
0.00859796006330534
0.008641789098098677
0.008628890326393671
0.008601179461019407
0.008652065955347529
0.008618148769815698
0.008641239861639118
0.008636246795619005
0.00863150363101771
0.00864202083260017
0.008630142409942651
0.008602909822825735
0.008614137372320616
0.008635366638191044
0.008628801617918439
0.00861613402559765
0.008634444506912442
0.008622936702848069
0.008636986404828923
0.008619302910090866
0.008622342149579996
0.00860458022767776
0.008616918909951652
0.008602010931721643
0.008615830234300934
0.008655737839810747
0.010061230023979748
0.008611554488245594
0.008616105162563097
0.008605178365925033
0.008633012185485936
0.008600475167316433
0.008622132394903977
0.008617859983841252
0.008631177543736013
0.008607732345913782
0.008623376102064198
0.008600739939260835
0.008636529944641026
0.008609210812535725
0.00860500544505684
0.008600935213708956
0.008620861007856499
0.008613511883212547
0.00861163152394032
0.008602042550123052
0.008637533097307346
0.008647887670974198
0.008605034847278148
0.00863800150967252
0.00865574553547623
0.008645326291259966
0.008633024121119983
0.008631757022445336
0.008633085326169078
0.008606310598062057
0.00953990326532604
0.00862002202959143
0.008627138047871229
0.008646958843976456
0.008633845707548684
0.008620870506734048
0.008662359530449306
0.008604515503822385
0.00861467669142018
0.008635696759569997
0.008642606168225604
0.008616850799023124
0.008634655926940276
0.00863446387964742
0.008629059273210404
0.008605418631831478
0.008635028311982752
0.008636933898455218
0.008651936848917486
0.008610164300587617
0.008624659638582288
0.008658085497537334
0.008596903068552675
0.00863659626093546
0.008603037801865292
0.008616475591828165
0.00861530920466114
0.008926403665253402
0.00863148655350271
0.008623855215448298
0.008638106953156623
0.008624894061665002
0.008604536960391622
0.00864236738753358
0.008604999604071245
0.008597647764499446
0.008641299687473005
0.008621767487401438
0.008616114241120063
0.008599209694780017
0.008604094076068386
0.008619555826053808
0.008665457155898606
0.008616122393256152
0.008620931029834442
0.008610944969481544
0.008646518174607895
0.008625965469859933
0.008638849904098989
0.008658149044372534
0.008628034086187224
0.008606207337058884
0.008608781116843028
0.008617749793675581
0.008618763261964838
0.008608258598925252
0.01035164112323209
0.00860108085417826
0.00864675598966546
0.008634398490386573
0.00861363695186906
0.0086215074167979
0.008609468400429346
0.008637205207426297
0.008622231979633828
0.008661431927650579
0.008625568258943722
0.008658419602771143
0.008622215443756432
0.008610676982636123
0.008652859426250584
0.008617284205301027
0.00861041094972997
0.008637751017599121
0.008642864630459563
0.008622083986962311
0.008641284001427458
0.008630988319208355
0.008618959511238101
0.008619511909905429
0.008649308117425166
0.00860506980373573
0.008627799487256102
0.008633559279903573
0.008616093927259115
0.010108689784905629
0.008616605249699205
0.00861223170619556
0.00863953797747136
0.008650289861926515
0.008625835952912702
0.008616954367607833
0.0086082629785922
0.008615085878409446
0.008651687195034403
0.008592989629036502
0.008617706982247335
0.008628850427799319
0.008617837161536475
0.00859784595729587
0.008625252887998756
0.008648687617019995
0.008639972826686541
0.008625023069448377
0.008623119819860317
0.008607926602646905
0.008633539774210046
0.008626433886514094
0.00861479521876103
0.008638734397429385
0.008638732129781458
0.008628976400206356
0.00965686777582098
0.008646707614810255
0.008638178695630478
0.008612961105169042
0.008625317309174294
0.008640951681024345
0.008633244649727681
0.008624946591934484
0.008601684614672865
0.008600781867770772
0.008615077875162426
0.008634655929391125
0.008615343917871972
0.008642877480872956
0.008623361625512572
0.008640466104751747
0.00862349338008483
0.008608686589439841
0.00862107257861154
0.008615727055401198
0.008609327561173
0.00861908720107749
0.008605392503944275
0.008654918336603595
0.008644301238420762
0.008624134524602835
0.008610430817536421
0.008625868240395854
0.008882917031204623
0.008625837308232133
0.008609448455421156
0.008600078715550664
0.008635865572202755
0.008626319813591085
0.0086330564367879
0.008636536811919589
0.008606222899949277
0.008631212696261508
0.008606871904339642
0.008636124255013113
0.008653183229341123
0.008664835222972263
0.008614344453120506
0.008623793025770666
0.008597071771509946
0.008642406989575217
0.008618300730411551
0.008612250170891025
0.008607882522904363
0.008625112114302618
0.00953127072915729
0.008652031737820882
0.008632285648491233
0.008644832322668088
0.008647014734359752
0.008618324128665814
0.00865282708913774
0.008670298610568831
0.008619658805822071
0.008620294184718085
0.008626396279463447
0.008623783079000484
0.00862952944405965
0.008605437879573161
0.008637993777857015
0.008629195485264063
0.008613991517402036
0.008621182315982879
0.008633360382488095
0.008636337706794669
0.008635816430231851
0.009550067136603358
0.008655202536427074
0.008613218985326392
0.008606477603806477
0.00861698494256033
0.008615036194800939
0.00865114018210749
0.008605457833772034
0.008643218905566947
0.008622698243829961
0.008639929341274853
0.008618144985705026
0.00861396059259086
0.008622924095068716
0.008634824789202723
0.008634041856949855
0.008632598353525329
0.008631971140245073
0.008629507206895046
0.008609418298951106
0.00863259021793247
0.008650643869278659
0.008650238841992655
0.008612116568991425
0.008640244670555387
0.008619684693526085
0.008608378692971248
0.009368870494960758
0.00864865558503784
0.008612221177348769
0.008609207759390732
0.008632767017269017
0.008607760512907254
0.008617101215732921
0.00860424077346627
0.008613893599249422
0.008617674109624012
0.008620035691235803
0.008665536388166641
0.008639392760386201
0.008647024217919496
0.008621792927212817
0.008630057770489273
0.008639438968690995
0.008611735050247885
0.008623251146146734
0.008637633531256335
0.00860543611802553
0.008613567359402384
0.008635776572076505
0.008607944693587917
0.008649002891769142
0.008606734889020261
0.00863041533034687
0.00922188841750061
0.008688335150088135
0.008654970877901897
0.008622280521146757
0.008633624519662637
0.00861531452790491
0.008622802758442336
0.008620396293822283
0.008615068872581776
0.008629944718957536
0.00860122599712524
0.00866495295991435
0.008682451922887642
0.0086329084049028
0.008650976834255026
0.00862319559336787
0.008627718003883369
0.008644382082121937
0.008609211455270844
0.00862899285520574
0.00861327969714215
0.008629569608571105
0.008639903009967193
0.008659593425813671
0.008664984605275095
0.00860935322462434
0.00862963240605926
0.008605657576117665
0.008622960816137493
0.00933781959925239
0.008631281200551282
0.008612196936002492
0.008633284214393872
0.008614243736098471
0.008597356828517819
0.008605761326065189
0.008621398779857707
0.008603214659409499
0.008613273489141935
0.008618431777913908
0.00864989188512003
0.008639841395013623
0.008602826007470293
0.008626723840930745
0.00860669934006996
0.00864413915520632
0.008628505398519337
0.008643844685100608
0.008634514275227526
0.008617439406531814
0.008636134970124418
0.00860453245021697
0.008634159554678358
0.008626587470797331
0.008635463117695365
0.008608909789472818
0.00864685422152673
0.008608534148477606
0.00860796885895788
0.00862892782070527
0.008600466915920965
0.010422818874940277
0.008648425688673007
0.008617092191094631
0.008631456134179117
0.008618016151319208
0.008625324545305615
0.008605354270701738
0.008631082054374642
0.008657972209498679
0.008637824623943552
0.008624421379921076
0.00862243487132027
0.00863376539690714
0.008621530343263753
0.008641702754692615
0.008616159168856316
0.00862643527369456
0.008603069985187367
0.008661240708131932
0.00861140929505621
0.008627493022695968
0.008602275580510889
0.008608756620608466
0.008615101827308536
0.0086265083941582
0.009330355138272831
0.00863177916280141
0.0086291122605632
0.00864233248683281
0.008626932196172053
0.008625047921056025
0.008636189622216319
0.00861443713625991
0.008604090959201323
0.008645193120097054
0.008598165913779092
0.008623219704819158
0.008610299974679946
0.008603255008347332
0.008634725771844386
0.00860393600244271
0.008639904705341905
0.00864672135671993
0.00860645757118044
0.008611788949929177
0.008631702136297367
0.008614535388340684
0.008621512510887297
0.008638949278055837
0.00863481523701921
0.008617740290509046
0.008637702361509007
0.008627532016927082
0.00893393956541427
0.008644373123656566
0.008612701892975326
0.008619220912039868
0.00861696043897322
0.008625425188802183
0.0086051944490081
0.008622744259130406
0.008611383419606442
0.008606582138025643
0.008609775042063311
0.008624973097865127
0.008623730922485457
0.008622027312307374
0.00863378059462105
0.008632070175984776
0.008633092393804538
0.008621584653462234
0.008605380651026376
0.00861801461708781
0.008630294472248735
0.008903451598445444
0.00862169792495766
0.008634799460904967
0.00863222764486349
0.008616849642835165
0.008612103274974383
0.008626215905563808
0.008614357155870254
0.008632017493149952
0.008626234554685652
0.008660141741366763
0.008625566121190786
0.008625234648168676
0.008635266204242055
0.008635780196269288
0.008631907939592278
0.008646279885311072
0.008621510397642852
0.008642397784186821
0.008594688151865022
0.008623586851784862
0.008610483949489304
0.00863366383066597
0.008640724179138871
0.008824902776579716
0.009633600197144244
0.008606145190271107
0.00865080281173026
0.008606611996717554
0.008630545795159905
0.008616278943679246
0.00860995584363608
0.008615611575690931
0.008638081287254433
0.008634340574376677
0.008627608773837748
0.008618733455966178
0.008607956643314346
0.00861266747141551
0.008638437956841173
0.00862862345468449
0.008616656125645692
0.008614122019590515
0.008631530134497505
0.008613912764887668
0.008616950846350703
0.008645357655385804
0.008606354831595366
0.008637954128636537
0.008612380464757352
0.008633320145063886
0.008600340707619723
0.01030472841628484
0.00867906229717559
0.008658347583351362
0.008612579931382482
0.008621456608862469
0.008625847541751634
0.00860849872206975
0.008656671625488487
0.008601212817685385
0.008634347178188987
0.00861390986737158
0.008602596131937677
0.008610801789664516
0.008640677524166867
0.00861877808776243
0.008598399874264081
0.008642152054725509
0.008640716577831067
0.008624485701224522
0.008623277206022881
0.008639094178981491
0.008606895451482974
0.008630865988150042
0.008638909284491092
0.008613748991812923
0.008616769473117434
0.008611692768815708
0.008630626603936483
0.009200586621821123
0.008619700485570847
0.008614072896000979
0.008654818868289064
0.00865008366036866
0.008629885869174216
0.008652723099007026
0.008610356867460436
0.008658430073410273
0.008627583538059537
0.008603803314709741
0.008616718602685355
0.008597698207871107
0.008627886273040387
0.008608129480853677
0.00860678246183517
0.008624357162165995
0.008639712480975217
0.008635837139904892
0.008639809087310968
0.008619342309324757
0.00860570068838761
0.008624794081735767
0.00958207914924347
0.008607457206878616
0.00861144920958108
0.008642573712859303
0.008642220978723152
0.008641096580724575
0.008634308621434397
0.008629441321337302
0.008641311438067963
0.008622851656553777
0.008622652042265
0.0086456648852235
0.00859973272247436
0.008620714122968677
0.008614227279873663
0.008650900291793637
0.00860698428250065
0.00861793990969952
0.008644786219137083
0.00864536363239351
0.008629654855835006
0.00863024120427374
0.008616671972834554
0.008647997407732826
0.008619254098371847
0.008607660329557563
0.00859415527237089
0.009348969000367153
0.008641832818179146
0.008614733605645597
0.008644275845175511
0.008617719806314103
0.008627481104830574
0.008622512970070698
0.008628708973992616
0.008622372238651702
0.008621649956330657
0.008623615644970222
0.008617454514789739
0.008606311172786119
0.008608115250612364
0.008633421512173587
0.00861881395961207
0.008614622777033794
0.00861651311248639
0.008611154819740669
0.008625188226640029
0.008659981345561774
0.00865530130870052
0.008616553426499626
0.008661934161730308
0.008632943994292108
0.008618893256214889
0.008622006124106088
0.008615804588005534
0.009170779203505893
0.008625650151608218
0.008646864806130332
0.008614594105778164
0.008610806215284882
0.008636878242740701
0.008644313854165375
0.00863448488403504
0.008653393981512636
0.008600978454035756
0.00860763269194745
0.00862078201209538
0.008615144421223943
0.008673594397566231
0.008625800598804889
0.008631137721117978
0.008629557979293167
0.008616336098087854
0.008611866780924366
0.008655932883879072
0.008649527920581596
0.008612412667073506
0.008616416060708855
0.008632140290482263
0.00860515212223522
0.008630198501908269
0.00862360605357313
0.008970722960504262
0.009244296232875633
0.008677256905694345
0.008646404457057973
0.008624997124762127
0.008601961269558065
0.008610301914526835
0.008662886900435153
0.008627955587335714
0.008609169009019082
0.008604168338014891
0.008617089334017548
0.00861755395063052
0.008647809128620123
0.008619871158397904
0.008610164385754616
0.008639245956989103
0.008618932138932379
0.008629968527116274
0.008660637344674845
0.008620147041265706
0.008637530955878136
0.008640283414799917
0.008625699984105794
0.008647695942291696
0.008625480542449574
0.00861574072501083
0.00863119640853256
0.00862488056055123
0.008628248561810898
0.010050176701655514
0.008631026191563395
0.008626156413658081
0.008650356547073705
0.008633961914548356
0.008605803546838854
0.008646517871928059
0.008621877959414728
0.008606299459566607
0.008616330496672738
0.008657234210496474
0.008619541764308356
0.0086163353934688
0.008599477727578854
0.008639987705790095
0.008619451368423669
0.008608566899171197
0.008614588872603092
