2.6418763317559897
1.3234083643085077
1.3060840292980795
1.3433408639932933
1.2876192632474397
1.279901710623189
1.2723364924129688
1.253618223416178
1.2135330840160972
1.1969093645873823
1.1837587243632266
1.1859229959939654
1.1719812653566661
1.1623140746041347
1.142838665372447
1.1386577377193852
1.1326837301254273
1.5866467071206947
1.1491469653029192
1.1297942952105873
1.116254752246957
1.1143162137583682
1.0977365054582295
1.087919631129817
1.0754371953637976
1.0647732342544356
1.0340373933315277
1.013905858366113
1.0066703103090588
0.9849370259987681
0.9789576257530012
0.9604257931834773
0.9803266318220841
0.9559202426358273
0.9409586834280115
0.9292897949093266
0.9238178378657291
0.9188872789081775
0.9112061538194355
1.1043557879171872
0.917774511324732
0.9033025718048999
0.9057918076452456
0.9177749442426781
0.9000672282356965
0.9359028069596541
0.8798568206398111
0.8679944945009131
0.8584024341482865
0.8399569376518852
0.8214322982650054
0.8212215743566814
0.805475114364373
0.79209191407028
0.7809459974891261
0.7732997442546644
0.7787547384437762
0.7583625026439366
0.7502840514245787
0.7449202843402561
0.7369940329539149
0.7522491155486358
0.7319214014630568
0.7205995628708287
0.7164177905572088
0.7117901072690361
0.9134614701333799
0.7291761437529012
0.7135739295106185
0.7071123066701387
0.701729552526223
0.697389495294345
0.7253220518952922
0.6962802030538258
0.6855946200458627
0.6816971204782787
0.7051457016091598
0.6722271922387575
0.6683021172096855
0.6611145432058133
0.7073708041718132
0.6564461519843654
0.6499506566085314
0.6460238782983078
0.6500503316521644
0.6363523450336959
0.6478461119689439
0.6936816290805214
0.6316667948898517
0.626953615561912
0.6230396322513881
0.6182092961512113
0.6175493659157502
0.6144583226818787
0.6118177173953308
0.6079986605989306
0.7407696079266699
0.6686925578274225
0.6208241156057308
0.6131911379726309
0.6094013305086838
0.6082815031472005
0.6051062930571406
0.6005365167793475
0.5975266476995067
0.5966572101178922
0.6246580028220227
0.5996253764943072
0.5922777743715989
0.5905264393279427
0.6325026970160635
0.5876879611297657
0.584753746186432
0.6872705406264255
0.5922608397508923
0.5832345811159987
0.5828456849644058
0.5789263002182308
0.5774702301935146
0.576191018208077
0.5750993273760143
0.574003071455579
0.5988312085992411
0.6057639862361707
0.5731321275234222
0.5698709291847128
0.5650207562666191
0.5642164808354879
0.5630058685023533
0.6510792270302772
0.5800987613044287
0.5687549976141829
0.5632959886601097
0.5618131156030454
0.5604363183441915
0.559470511894477
0.5588778172668658
0.5568658038973808
0.5554230726863209
0.6674352121980567
0.5621449211710378
0.5558855147738205
0.5565410130118069
0.5519158281778035
0.5516949085028549
0.5525929500397883
0.5527591789239331
0.5490568715490793
0.6027457161953574
0.5493198837888869
0.5469710220239664
0.5455902314499805
0.5449817028484847
0.5443984297545332
0.5457815796136856
0.5465373553727803
0.541158230994877
0.5443847357442505
0.6797378627485351
0.5444203446570196
0.5418225482106209
0.5383819460084563
0.5377267086192181
0.5369842309700815
0.5351327264779493
0.5357819002317755
0.5350986472478039
0.5325184934233365
0.5354246276773904
0.6947718697943186
0.5448436238655918
0.5352315898788603
0.5332922593543404
0.5315300621484456
0.529324696958065
0.5295517858706023
0.5292232071098528
0.5278482584576858
0.530237669536942
0.5258835943513795
0.528105072441854
0.5306877773451177
0.525492579999723
0.5240042492747307
0.522610231214448
1.2714408814907074
0.5433279875077699
0.5304484968906955
0.5279146867363076
0.525944335209696
0.5223537901514455
0.5218751576778136
0.5201411867612287
0.5203742496669292
0.5213619761561092
0.5184719312347864
0.5191851614337218
0.5189197028938093
0.6206452140682622
0.5225348922375002
0.5191530004143715
0.5156779503351764
0.5139189783679812
0.5130631002156358
0.513484321220925
0.5118177326886277
0.5121130686841513
0.512250561502419
0.5408707052469254
0.5140588140017108
0.5093925965459724
0.5072961193166281
0.5084450428815265
0.5073970972707397
0.5066978991423783
0.6088188157269829
0.5236034889754496
0.5093198058636565
0.5054334457767637
0.5052607616703761
0.5035715332156734
0.5033808774069736
0.502274839031069
0.502351308104239
0.5019160158540074
0.500924645129003
0.5015047920377631
0.6049475506732338
0.5055128671621022
0.5011129780819542
0.499344699437681
0.49790201941995244
0.4970301396360523
0.4984468674189166
0.49694804776656
0.4971677614081847
0.4960221620374604
0.49554419156752133
0.49575007710801927
0.6170986982552629
0.5030898096530061
0.5004047932593446
0.49480309188365934
0.4931705988747509
0.49317841608273355
0.49090882843654404
0.4906372000120188
0.4907293890259768
0.4926550026002683
0.49138819551781604
0.49070925310646235
0.49155954475465574
0.5277271795233613
0.4894038245866173
0.48946581094672803
0.4883844372865401
0.4890876294946984
0.488690973269312
0.4879851330659891
0.6360657417852628
0.5546396659393059
0.49247591636682814
0.4896425841670287
0.4880922504553669
0.4875490901501555
0.4863699182868004
0.4847968421484295
0.484561633004954
0.48602799602637164
0.48488219290187484
0.48560388068619526
0.6444391605885406
0.4891919743073614
0.4874214501365235
0.48352777599111985
0.4838447337479968
0.48373915972678283
0.48382026172782244
0.48144653706174145
0.48077970933365194
0.48197245158647234
0.48277472214479195
0.48393194136258805
0.4819746222935225
0.48143181867505375
0.5873173156066944
0.4875146100395604
0.4827351741884884
0.47960925355161493
0.47891457653359365
0.4781831482915502
0.4775916346593907
0.4778243200167229
0.47847292172281364
0.4775860269995112
0.47726455856310696
0.4786470723779578
0.5823381979410586
0.48349270871595335
0.47900311535126283
0.4778392715281562
0.4764377240679766
0.47570935707343254
0.4752451302189576
0.4747022157436923
0.4746042441380651
0.47530212300388436
0.47499052537114994
0.47803722388650244
0.5476279997511914
0.4878611118385666
0.47478640746129186
0.4737186756573225
0.47417239252673954
0.4719917876547889
0.47546827451963175
0.4719540223871407
0.6404877166214742
0.48987842637457346
0.47598059916574703
0.47367360885990295
0.47295730376714157
0.47120946096746547
0.471378398725861
0.4699182137062675
0.4701008690423087
0.46860091737226434
0.4690825991332531
0.4691784454803718
0.46862345537857003
0.4720151518520556
0.4687468526002608
0.46841107348078176
0.5160392291451755
0.469571542661441
0.46801360696554184
0.46811890406043905
0.46643990239030436
0.4673429752356912
0.4679520910115618
0.4654376777379136
0.5806621351328335
0.4710995892160817
0.4680037688659994
0.465128834339741
0.46507187481773526
0.46547265837067053
0.4645543212953367
0.5442075198418216
0.4704661407360905
0.46694346289885674
0.4663857621974067
0.4644962629597438
0.46451750691784055
0.46491455333797554
0.4646258268603369
0.4668253116701779
0.4887616584959783
0.5613076486085591
0.46885672313602345
0.46622456818034774
0.4642950116803772
0.4630821822701316
0.4645215684646054
0.4627338406286742
0.46246969762601353
0.46203012623284995
0.4616352505393718
0.46372478486675967
0.4621320050405829
0.4647427643992399
0.5403679727723724
0.5197118428584776
0.46700908949500636
0.46375877414094774
0.462796487463148
0.4623630945227648
0.4611411107998145
0.46170660876914077
0.4613206618710568
0.46122193120812116
0.460142390861323
0.4601203100461709
0.46036243395585763
0.5995537853554676
0.4753509078370897
0.46472779406528725
0.46256908664577884
0.4609660094897998
0.46108532983221506
0.4596110576077511
0.4592229380615448
0.45908788148509827
0.4578925038246732
0.4598207974904462
0.4591118309450777
0.45810442801172796
0.45790694826527645
0.45923610706078377
0.5568939040365972
0.4646587021256748
0.4598988647523679
0.4597425922751427
0.45820087417960165
0.4576312732539679
0.4577397629226509
0.45828020874606934
0.45686202674712006
0.45763145449914433
0.4583664366289189
0.6096849464272198
0.4853700666835434
0.4614654526114464
0.46010991256488
0.4586126325553969
0.4569648769144949
0.4566472885640044
0.4563303626289493
0.4567211150338775
0.45686895964961305
0.45535581272683645
0.45514440909028053
0.4554182731791546
0.4557738316294394
0.45735338518494056
0.45554789653734157
0.5498902010290246
0.46945492070364325
0.45867432387251605
0.4560505624664457
0.45459914142756086
0.45453709638432455
0.45482004347600435
0.45507985216222313
0.45451908727225504
0.45448388512197296
0.4539405921964269
0.5177512318680161
0.4589027223618407
0.45521377932868506
0.4546716537914778
0.4534191269623606
0.4535514408036282
0.45304849708550854
0.4534997883007715
0.45347172065000785
0.45424952742300534
0.45942633485323503
0.45342997406658375
0.4520668954245354
0.6664119067160706
0.46756437037532267
0.45675546609257395
0.45444516131752416
0.4546171348738043
0.4538144140651352
0.45176356780881943
0.4523066188944013
0.45279221730796915
0.45215101179323697
0.45173422482452896
0.451611269853617
0.45182314985676814
0.4517893715908653
0.5046355595322032
0.5224085000000502
0.45616909834115127
0.4552366251616102
0.45238186740561537
0.45138186451635864
0.4509961663108123
0.45158773597918056
0.45221085975828923
0.45120745563977643
0.45136225831351784
0.45303530060735187
0.4510429132533701
0.45133508534023636
0.5429178499861768
0.46888855897674436
0.45614623341121174
0.45434395323850607
0.45233089194486015
0.4520032350169985
0.4520565147070508
0.4517150103261596
0.44943454370490815
0.4502641774321857
0.4507975062649501
0.5359843961502376
0.45405804495278157
0.4522569795188151
0.4502708202914188
0.4504965844907259
0.45020304718299914
0.44920669437239047
0.44940330225386116
0.4507880974364908
0.4495930582284927
0.44951224566290254
0.4496853792794833
0.45097351254601226
0.44930775333195927
0.726846351709805
0.45698693955415176
0.4542158286430334
0.4503175824096328
0.45039122747747523
0.4490494264191703
0.4495564014111694
0.44931212922460156
0.4483255171854245
0.44935962624455755
0.44779856202045554
0.4486000611593849
0.44985194088597047
0.6804788961222298
0.47964055373480446
0.45478172278717943
0.4520972697750518
0.45135982067961444
0.4493991108072039
0.4502137846068332
0.4482303562525072
0.4485200132194318
0.4491104566737225
0.4486890682656514
0.4476248213678206
0.44856754212003
0.44802683242841773
0.44757983621798064
0.4487796897166654
0.47969021777573384
0.4571478391948499
0.4495290756225586
0.4489713559809484
0.448600286441414
0.4469933183569657
0.44727735187564244
0.4477614109845538
0.44764970850787666
0.4479334962211157
0.4562100446832023
0.4471312730720169
0.4479309431032131
0.44733779802918433
0.44812811992964463
0.7158712329833131
0.4542800374721226
0.45015719572180196
0.449709444806764
0.4477775919104093
0.44803688016376997
0.44776698978323687
0.44913150840683985
0.44681344757738867
0.4461768458940481
0.44613568551446264
0.44690305182808326
0.44680806986595456
0.4470740897875083
0.44672387756015125
0.44736404674813934
0.6212846701082431
0.461303894378637
0.4510367992530136
0.44995728029232274
0.44850014001131056
0.44829962547672425
0.4475331287635
0.4475755482912064
0.44762526007467196
0.44747239649295806
0.44659593517058777
0.44646908389894585
0.4470953830762913
0.4456440160933294
0.4506569051820981
0.46340341740532925
0.44782490934196273
0.44688648644246554
0.4458653059444929
0.4471615979153859
0.4464367459871267
0.6120945921853969
0.47164173941863213
0.4511718141405206
0.44893347244513665
0.4489547844780119
0.4473522334898773
0.44568861742552957
0.44623245063580963
0.44569541278638336
0.44507388480399784
0.44457762443313475
0.4449250481238491
0.44441745198135707
0.44555895857905087
0.44695173477459893
0.4460562267585805
0.6745470185421015
0.45516851348312276
0.4503010331407974
0.44769186094697366
0.4458076138490517
0.4465173259230429
0.4460989238400208
0.446272973716259
0.4443674676365366
0.4459206952860481
0.44579072382889295
0.44495446733934313
0.44404325551647494
0.4451294083344309
0.44435534241952396
0.5663948539840548
0.46193400386132694
0.4534304572955558
0.4484604787669684
0.4469616165286616
0.4472463006251737
0.4455420202330539
0.44657115610806564
0.4458413389952559
0.44652244848640343
0.4451244124848592
0.44457880885977497
0.44496893439637986
0.44493978407331986
0.4440319021526528
0.4461943139763255
0.4893958752876834
0.44866451664190543
0.44518148793201695
0.44551355713292173
0.4456289455294609
0.4441668958256119
0.44463556248106456
0.4444673948725195
0.4444015044915049
0.44567411098825305
0.5664882699517827
0.44943121957935783
0.44609623178839686
0.4463431873603871
0.4452873766030136
0.44498452685381235
0.44509468313894773
0.4436302574057328
0.44431319005395237
0.4450053227575202
0.44622839375546103
0.44489242748210306
0.44480785468691275
0.44558524193340227
0.4434384837354484
0.6976619042848285
0.5003879069399677
0.4495392322540283
0.4464908839889655
0.4456966166433535
0.446697864946174
0.4457947556909762
0.4453032734754838
0.444169859980282
0.4439924845962148
0.44423641400950914
0.44365419996412175
0.44438496123705257
0.4438422077972638
0.4437991779493658
0.4433280368874732
0.578804968532763
0.45230345133888095
0.4468766674399376
0.4447594430101545
0.44662565275242455
0.44494662935796536
0.4437804021333393
0.4448193385020683
0.4433813754665224
0.44328660537537773
0.443156458207063
0.44310617988046846
0.44509235169542466
0.444205569868025
0.49691124707460405
0.447604302042409
0.4437114474510676
0.4443114702246691
0.443450203067378
0.4440689740996612
0.44429713511153274
0.4429183192943272
0.44243224098494177
0.4440456246859149
0.4427236989924782
0.4443928485246081
0.44306976616284566
0.7097639514819571
0.4499376660506976
0.44693316452597315
0.4448723782049982
0.44414416728051087
0.4437006682941788
0.44298264969532425
0.4440271008318584
0.44429475433732335
0.4437435956769868
0.44198649441333193
0.4435556746627155
0.4434991225208107
0.4434579529260334
0.4433608322551376
0.47283880628253283
0.4450050472428924
0.44254320824616833
0.4435004769775428
0.44247567371318214
0.4440803519205043
0.4427225885422606
0.4422247001827743
0.44216609993263295
0.4428789848559781
0.5944968265922446
0.4472569074285658
0.4451112279864518
0.4437655646648062
0.44359792378535007
0.4436412795986
0.44336033836007116
0.44310534200386
0.44377449048977147
0.44196061609606996
0.44271406441142686
0.44263516562549693
0.44336708141000647
0.44204308751382326
0.4428496950158947
0.4415413391041128
0.441700018393366
0.44239640439811506
0.5186066896507614
0.46527310601974786
0.4452600138752084
0.444387223846034
0.4438083358893269
0.4437875666704617
0.44255100363179256
0.44275792777097145
0.4425625425812445
0.4415920372072019
0.44235553063060107
0.44400376712805345
0.4417961435441516
0.44131470608868095
0.4426546286595495
0.4416709036811402
0.5643812324263547
0.45476493992303546
0.44921906912013104
0.44755199728043454
0.4427913010120392
0.44225843599752374
0.4419351670253826
0.4429628840010417
0.4448853524107682
0.44221900156454036
0.4433644631338355
0.4420144988518012
0.44073222824739977
0.44190517085555353
0.44108066818137703
0.633952345973567
0.4539878360927105
0.445009477720841
0.4444254383444786
0.44321765687904857
0.4427417612389514
0.4440794459299037
0.4413123549452346
0.4428154698327968
0.44099636698435796
0.4417351827809685
0.4415994426137523
0.44156213547838363
0.44192437745238605
0.4414351866433495
0.4413502049999998
0.4413967948210867
0.4414368134188025
0.44191640760553513
0.5759590966136832
0.461186846071168
0.44740908667445184
0.4434394342334647
0.44264358364437756
0.44225265571945593
0.44108617006506967
0.4425875680227029
0.44284699002378863
0.44270193561127313
0.44173479648797137
0.44213092643767593
0.4403745739402151
0.44200591366542014
0.4406527418839304
0.44100492525061497
0.44070515412052996
0.5318775581293984
0.44476551112571827
0.44477834921134146
0.4443536951745811
0.44186298104101107
0.4432593064970876
0.4409394701060496
0.4416116957209612
0.443199526361729
0.4426869609638264
0.44089384722082237
0.4417190366669705
0.44121311291267995
0.44117449216152493
0.44159483693932233
0.44238888624026196
0.49761581138560645
0.4434231318925556
0.44238990662913574
0.4423401393584515
0.44247644837749633
0.4409948610553616
0.44257546305460366
0.4416076309978962
0.4415548518692192
0.4397756655063284
0.44099803657123915
0.4409762165656215
0.44174997533769594
0.4405781040066167
0.441375212214495
0.44047822434651224
0.4999659251225622
0.4635334183510981
0.44331153325344386
0.44271116719434134
0.44139924105011713
0.4423664155759309
0.4404392160475254
0.4407017212165029
0.44057627884965195
0.4400641863283358
0.44165655207869253
0.4399355075224058
0.43992486592186125
0.44114362119059813
0.4415326975286007
0.4406184863887335
0.4406712066186102
0.4403085671757397
0.7357110266230609
0.45210707868498407
0.4451316565324209
0.4430263811428296
0.4426371321376217
0.44170383877660097
0.4413273620762323
0.440232517361935
0.4400529543305502
0.44201033952351854
0.44060063401335164
0.440514406797133
0.4429745485123835
0.4411858828836366
0.4399026424476975
0.4410776549754174
0.4402073217849982
0.4406096886647375
0.44102341654269317
0.4414051496668866
0.4405501543299148
0.43932746973525927
0.5163858284291468
0.4448746456029384
0.443604419500518
0.4425741528209887
0.4400849271124523
0.4398107918812648
0.4408818062983061
0.44073638633677836
0.4397809219595633
0.44095902129223474
0.4412909903808644
0.4404201972249307
0.4412136194737334
0.4407456868303646
0.44030137250297946
0.44036953738939605
0.7935257781493036
0.44899156179867294
0.44463227602996325
0.44412510069577316
0.4425364364943418
0.44285998744399924
0.44338413833787566
0.441415448567683
0.4403650543015254
0.4431889042650398
0.440509968054922
0.4403824636296026
0.43986395315120097
0.4401796595168937
0.4401366123243382
0.44133916439880666
0.4404620681938372
0.44043932878657394
0.43994436773814655
0.44070516749726313
0.44113539355365855
0.5249171142515383
0.44424927697369926
0.4428671793718087
0.44341320179794963
0.4421529547948586
0.44186100779395354
0.44080115039097634
0.4406189687157932
0.4392228950121391
0.4408083701996427
0.44028771119682414
0.44023825616428724
0.4410175871912782
0.4405597095818896
0.4393038350500559
0.4417919994576981
0.4413833733059858
0.6295544180430864
0.44576503438384907
0.4431425810644501
0.4417336141200442
0.44242506423033773
0.44079155312164836
0.44178313377656436
0.4398666400266321
0.44053965100626413
0.439987341432195
0.4398983767942378
0.44065267522084084
0.4406093264880933
0.4400972213400038
0.44133702512634426
0.4404882405933581
0.4412420444582638
0.44011980048135707
0.43906756055198215
0.4398708760738373
0.43990791145908203
0.5153899695136045
0.4417728677784142
0.44126373049312906
0.43994810298869486
0.4409267934137269
0.43905163683536413
0.44059275161278877
0.44005145918038724
0.43911812074090306
0.43947430307927887
0.4398550366492648
0.4389573890127634
0.4389136928378751
0.4410345005753793
0.43892668446427896
0.43884811624884607
0.4912629986279889
0.44165168459478177
0.4411001316810909
0.4407344722434094
0.440100408149393
0.44162723810264937
0.44110322637777577
0.4388748621077914
0.4392409420719272
0.441320017380885
0.4400391099876479
0.43997676439191163
0.4395621733838006
0.43953061684181816
0.4386826717931973
0.43868404124912463
0.43993006285500563
0.5386585331668979
0.5185886366586936
0.4445360522129034
0.441538162019692
0.44126812054922704
0.4412908657601005
0.44014961397961566
0.44078131718070884
0.44018670696961254
0.44129742705508285
0.4399110397569051
0.4398190410121491
0.44015791389208875
0.4392495080044395
0.44002931557203595
0.4404255197628548
0.4395315982009235
0.43906507966549774
0.43945422133332807
0.43946067082303525
0.4390002407525715
0.4390086028136705
0.5749129713365906
0.4446486655034517
0.4415498793615322
0.4398863016088542
0.4411205744272784
0.4404833734035492
0.44191028099311025
0.4395621503654279
0.4411284012572938
0.4401513500825355
0.44008195949228185
0.43956980760160247
0.4411924732750968
0.4385943035938238
0.4402592849574591
0.43978373067159404
0.4384604279540087
0.43973056423036677
0.4379985924969476
0.43971517078186334
0.4392039418612656
0.5777762589486022
0.44967075170655
0.44223796760565354
0.44136478814639546
0.4409447193145752
0.44021328797465875
0.44041942336204415
0.44070505953736994
0.44143360143429355
0.44041745474464017
0.43901700397071086
0.4406179060277186
0.4392846760389052
0.4379678471822684
0.4400342975792132
0.43999987597528256
0.4395715539784808
0.43868199355508153
0.43825442324343483
0.4390800786253653
0.4394812351778934
0.43949893697312004
0.4391305495249598
0.5723751150267689
0.44366712534898206
0.4407499230613834
0.44104712005508573
0.4406734415403518
0.4404083142547231
0.4385151546129859
0.43920907264477327
0.43906848273779214
0.4385397009551525
0.43887380173331814
0.4387976675465899
0.43958134192385173
0.4407856873408156
0.4390531757160237
0.43859596687712166
0.43938778125999595
0.43978918140361967
0.43807670348568967
0.43805425516084623
0.43886846664704776
0.49861719980835917
0.49651036599749016
0.44150122772706185
0.4410853561994277
0.4406053300358747
0.4407072110395682
0.43879046785204034
0.43906059143574616
0.4393503527500128
0.4392461745754669
0.4404183598725419
0.4403472110236946
0.43860356897899977
0.43854112197694023
0.43933483526037126
0.43930292255000064
0.4392701891692061
0.43797924828372503
0.4388003038573324
0.4383799315283173
0.4400207964213271
0.43835118256117167
0.5800708809573399
0.4430257230212814
0.4390761244466136
0.4407135721100004
0.4387253753056652
0.4389671773894837
0.4392551349181878
0.43913145771152096
0.4394736111556229
0.4394008303943433
0.4384898333173049
0.43844262330155626
0.4383920883661822
0.43921539894868866
0.43793367047451043
0.43831166583358455
0.43869897998305724
0.4382613019772658
0.4407969524985866
0.6371793524999367
0.4469304253396235
0.4424329294970161
0.44064855261852864
0.4409944553124277
0.4406207892063417
0.439504642549314
0.4388700115837549
0.4386972690099164
0.4385523641187894
0.43926918875229987
0.4395971346058344
0.43952607614429373
0.4390119094597666
0.4393704759055062
0.43767138226080293
0.4392776410046377
0.44010887996930825
0.4379376567115909
0.43791239904729945
0.43914610794500303
0.4391427101273286
0.4382798350171039
0.6029740216700654
0.4439492641703079
0.44144829801822966
0.43947188909116547
0.4399179066874479
0.4409352488815784
0.4390697185146181
0.44101379894112286
0.43877449333667756
0.4390796217638509
0.43773512493782235
0.4380701216035768
0.4384183563292027
0.4408881982616884
0.43873621860617085
0.43911893152092635
0.43949605097111905
0.48272242094880263
0.44022556531095974
0.43960510590358787
0.4393196531032261
0.43954869689125764
0.43898025657001294
0.4384504718215842
0.4379346607547057
0.43786852081355293
0.4390831586169569
0.4382002603372951
0.43857733470044635
0.437697225092224
0.43851276553775137
0.44019161674537155
0.438060916999453
0.4376289936456535
0.43760630457024824
0.43758726367040685
0.43714023263156904
0.8884689176406123
0.5392821991914197
0.4401570075828778
0.44110141522005986
0.43986322707251496
0.4391696971890173
0.439388689359552
0.43965854942798616
0.4395191433790483
0.43812555772693534
0.4393033438607266
0.43922268438496087
0.43913060026733497
0.4378018950553317
0.4390199531911333
0.4385394225387197
0.4376881737458079
0.4380281219749074
0.43757171662230243
0.437567402618496
0.4375792039852393
0.438391071714853
0.43753085246211604
0.6432473021118265
0.4436979136184642
0.44035152398834104
0.4405123958903316
0.43929427234750046
0.439457882781464
0.43884756894488086
0.43911799749261454
0.4377118999861475
0.43887077860142054
0.43877162529449715
0.4378487257973144
0.4373503324079425
0.43770477391387286
0.43933952195863973
0.4388671588618308
0.43840225241392067
0.43838116930503596
0.4379171546744673
0.4391657233630356
0.43834598056579893
0.43785727361315174
0.9338377726705451
0.4912161103204677
0.44252066010315166
0.4425360192642792
0.4413451776300606
0.43957436955533924
0.44008107679454905
0.43897603801206536
0.43920776416596613
0.4386092864369091
0.4397359280601928
0.43833516557749946
0.4390708108481608
0.4393994321948604
0.4384633667374912
0.4396523702448528
0.43788888246605273
0.4390835615757265
0.43987949608187926
0.4389513903150433
0.43890830568577116
0.43801127413385793
0.4379515907482097
0.43959126841080814
0.43786192669680246
0.4379249433937826
0.5377799177640363
0.4393606704267624
0.44071036687022763
0.43948674484303124
0.4396539377930917
0.4382223092411694
0.4389324428219544
0.4396647294235759
0.43830273661174274
0.438211038316551
0.43771980946001254
0.4385120316555626
0.438462290873653
0.439253678055186
0.43793774738074526
0.4387700518887294
0.4378837283504637
0.437009282196921
0.4387004542507623
0.4378723660974126
0.4373692854454643
0.4386226273680988
0.6890715498673289
0.4418969988038665
0.4396518513952431
0.439809497798744
0.43906608474882025
0.4379987080655012
0.4399357597686743
0.43979705595656443
0.43841292244186136
0.4382943299255873
0.4381964400410652
0.43851669046439623
0.43885997910248603
0.43796509065126116
0.43747290890345253
0.43828886584623866
0.4378131686464736
0.4377817967440933
0.4390158376019252
0.43900550817458056
0.4377204163159293
0.4368599117280131
0.4389727484532877
0.43727836154009164
0.5874843945236583
0.4408908328335536
0.4405377625634796
0.44130886493152693
0.43928540780356057
0.4403238017308085
0.44143113729200867
0.43790672092061295
0.4386287446869047
0.43853809100232627
0.4393038565390988
0.4383889340709797
0.4391774594722512
0.43827460514087424
0.43780345318128205
0.43776327206900245
0.43729827400100857
0.43726260081717844
0.43809344082286483
0.4380594876423282
0.4380302451943096
0.4380223692247742
0.5949633021495844
0.4410414053029136
0.4391527059929151
0.4391896510986905
0.4385294575832392
0.4408852879154055
0.43862434455291616
0.4376555289154088
0.43797547444701196
0.43788995366347466
0.43950870001786635
0.4381913921550701
0.43686551996935646
0.43809763949830083
0.43848837806206
0.4371814185459363
0.4367420182587873
0.43798870608994833
0.43796630022606176
0.43752062567754796
0.43709062667269455
0.43707157059719687
0.43665565545915774
0.43877899427162975
0.5837596750573109
0.44183042731724287
0.4387617426323949
0.44035065872104545
0.4391853251347416
0.43984085835124315
0.4383919176302458
0.43825075987138246
0.44067198685125303
0.4401723879401719
0.4375234927001752
0.438286523756228
0.44033647545270227
0.4385722530442045
0.43852139142783064
0.4388947750392713
0.43885643913557654
0.43923052620559344
0.4370903831171362
0.43790574136533233
0.43788841594206657
0.4366126968831706
0.4387047549611644
0.4391112866762437
0.43826272633220803
0.4370063741348292
0.6090081026679591
0.4947567827607456
0.44164404303668753
0.43901896691930137
0.4394392282947114
0.43832647055387497
0.4385483183358845
0.44007831400162295
0.4390934733968032
0.440238174592684
0.4397089827217554
0.44003922555007435
0.43868701567775326
0.4398750629864241
0.43853600480054555
0.43761958809275375
0.4375623080291246
0.43879359095774
0.4387513373635317
0.4378715280247362
0.4378445435511438
0.43908803176723027
0.43822068640668144
0.4386395423820144
0.4398907314397787
0.4373262459510251
0.43735137071313435
0.4386319020076802
0.43689539957987633
0.4381977039340295
0.6012129662068266
0.44027543318899054
0.4400737843231151
0.4391903412969489
0.4376337627702589
0.43914230250214276
0.43854252049013187
0.43842017858436233
0.43831497235346195
0.43906305926410777
0.43898343702680187
0.438480762157001
0.4379963199559011
0.438776453074656
0.43661395964384275
0.43741309532993716
0.43737102112438725
0.4364930317155086
0.43731051685018957
0.43855010674972283
0.4381163703375741
0.4372595971229633
0.43849531635642053
0.4376532186410929
0.4363819611902153
0.5802521380130201
0.4413734259574037
0.43902622542442066
0.4385262377278291
0.43828151888753236
0.43894749291633306
0.43922623890010937
0.43784822194199813
0.437746829578751
0.4385098743595575
0.4371606252560588
0.43793615208644615
0.4374465794547608
0.43866677856759023
0.4369390626486979
0.4381634668300026
0.4372826274202548
0.4372707328514049
0.43850779156935843
0.43680441485423793
0.4380853437671536
0.43676382609103853
0.4371889250058877
0.43717038898091565
0.43631722447278565
0.6417561611062602
0.44174060425476025
0.4392038255929947
0.4381318339318233
0.4390781410430607
0.4388629565897741
0.4403785860852191
0.4381159198519431
0.43841611838188804
0.43873414323224047
0.43778551711063635
0.4389685561966249
0.43762060309711254
0.4367050222966722
0.43833354315475415
0.4370019199816804
0.43780254980451183
0.4369042653002237
0.4368661269545555
0.43682621693924856
0.43933898837942825
0.43678077602464904
0.4380190141891178
0.43758241306794315
0.4371348035962958
0.5075803263014869
0.46478960161146365
0.43914510978042687
0.44018287439095344
0.4382262239330693
0.43801038316205926
0.4391159218834027
0.43858400002906195
0.43849224291349714
0.4371360723517443
0.4387632728799393
0.43742174176793347
0.43904848224238346
0.43815073351326744
0.4381020593800043
0.4389111513762098
0.43718547617134296
0.43757977438600437
0.4379882345748085
0.4375340619712676
0.437096549075489
1.1106954372242877
0.4436148243515115
0.4394271002396157
0.43923021566710974
0.4388193097345433
0.4385904847007049
0.43844226688930865
0.440837845833678
0.43736019499207796
0.43810792604559345
0.43802973400605355
0.438789254819092
0.4370287772071989
0.4382278631392278
0.4394504100084305
0.43685410148219056
0.4376738079284367
0.43846751502469966
0.4380110663803
0.43672585044252243
0.43668683304598455
0.6523729161965954
0.4417799194000269
0.4396190714679266
0.440801050866905
0.43966588052479844
0.43778066019478595
0.438052453616585
0.4383520608669833
0.43824301099306656
0.438569043145368
0.43975765846277537
0.4371375032553547
0.4396095421165228
0.43785793153863206
0.4382193051670727
0.43816726133227346
0.43770801946520804
0.4380857679796846
0.4380431557564359
0.4375998126612486
0.4388419919892361
0.4388197551432409
0.43880101050201215
0.4375152657690801
0.43707389486463444
0.43748864582494684
0.4370675543029057
0.4374591763547965
1.208420482748433
0.7601334614360608
0.44079403892943736
0.4388005048820847
0.43759642588464837
0.43947410293315586
0.4380313297243495
0.43789084508500403
0.4373519935596146
0.43766745574355714
0.438421399656095
0.4374963901544872
0.4386902207606717
0.43734949152720604
0.43685065029483094
0.43848755575079273
0.4375867927937131
0.4371263238160234
0.4383641170827966
0.43706773452852904
0.4374624941694109
0.4374455924881132
0.4374398635749362
0.4382563391308251
0.6758241351497801
0.5618327012187556
0.44093818497280346
0.43982889679701703
0.4390985501439948
0.43793243546234933
0.43857813328504563
0.4384138968356542
0.43828255083215867
0.4381771202150144
0.43807383516901416
0.4388323573910288
0.4391692079211536
0.43699020982572906
0.43904240699975117
0.43729290142655375
0.43767501754980337
0.43805597855856543
0.43801646609055367
0.4379783711151073
0.4379530191531797
0.4370795074654253
0.4374744846632606
0.43787746331409405
0.43701601969568354
0.43658341863437705
0.5336210866507731
0.4398842127699601
0.43845879325741216
0.438973032879202
0.4383527852986988
0.43778174484246657
0.43722822701460434
0.437553117855599
0.4374658403820113
0.43739037609806186
0.43817072847956107
0.43684219022551063
0.43848272852207487
0.4384229470816392
0.4383863179699371
0.4366514034844984
0.43915216644343574
0.4378545418381691
0.43782567534791794
0.43865358664801246
0.43693187767701025
0.43734764459812525
0.4373289702362136
0.43647151737792517
0.4364905289839953
0.6549266384914517
0.46708983578964286
0.4415736705456909
0.4395187352440859
0.4380892853179064
0.44200314522573825
0.43878240812765923
0.4394549590192343
0.438022543489933
0.4391763740072125
0.4394858397935566
0.43896885541708847
0.4376005297820819
0.4379471471435145
0.43744846332303594
0.43737675176173646
0.4385927797932374
0.4385326715676408
0.437635745539477
0.4375798092799653
0.43627916016481133
0.43665770182484076
0.4391676983158839
0.4382838140977056
0.43786612321671686
0.43782910225410504
0.4395029445227824
0.6208982393929833
0.4419634206318542
0.4394194279037612
0.4381966252468134
0.4391740405245831
0.438124998894177
0.43795114096842314
0.43822306383548204
0.4385167605390674
0.43839070900882543
0.4378716497829086
0.43778820026077725
0.4394157608088694
0.4372346783547025
0.43718068187958314
0.44009708103380707
0.4375234855633033
0.43747816463062345
0.4370275581745725
0.43699093337942796
0.43654838769059434
0.43694665628044227
0.4369181333403838
0.4368927662309847
0.43772692382335665
0.4377523520275166
0.43813194236473035
0.4381083064957669
0.43682763344657266
0.72966935524815
0.441821106091926
0.4377715193200856
0.43951917737722396
0.4384339223566808
0.43699160182456437
0.4393875418917129
0.43757924225769546
0.4387532219682869
0.4382497305540662
0.43816126463750965
0.4385164774954319
0.43802631564046207
0.4367007356333105
0.43664617303170655
0.43786597761668655
0.43783245518019326
0.4369534548911217
0.43776700779011374
0.4373192542869794
0.4377168506383896
0.43684982763309227
0.4372507520020008
0.43638823306874225
0.4368060725692071
0.4363661083735918
0.43679413328829564
0.4384741714518321
2.3177643608497944
0.4412024988547752
0.4396055568205683
0.4385398482805804
0.43946651283063387
0.4378843402391986
0.4385400971299724
0.4379839386594923
0.4386725349645866
0.43728307139765665
0.43760018964347086
0.43666883357678
0.4382723111267153
0.43693144274385354
0.4368598909362366
0.43638560380541574
0.43759366560139157
0.4371126693330313
0.4366383569020974
0.43618356134178804
0.43824666907128534
0.43865322964756115
0.4365008737303709
0.4381706801684279
0.43857270360703726
0.43855135268286655
0.4376989417562359
0.43765115686937384
0.4376562994953833
0.4363483615611729
0.6156427793940039
0.4400271335322606
0.43906369354379804
0.43991049481065647
0.4388017534425384
0.4381913423538208
0.43973161405638644
0.4366343177965303
0.4373753707267736
0.43813141529497346
0.43848067178194855
0.4371466851156009
0.4379329137896237
0.4378801970497558
0.4378363576374556
0.4365181416665253
0.43775304971556916
0.43771941928487074
0.4385327107812229
0.436393671992578
0.436793945243239
0.4388858703406234
0.43632508782964
0.4380045980999344
0.4362949863860482
0.4366994472318574
0.4367099378454058
0.5574577835437499
0.4407547289603635
0.4389526612272388
0.4389145341358687
0.43825963297246123
0.4372443299544485
0.43880493672270526
0.4370058347005397
0.43648398237082325
0.4385170199761265
0.4375935513330133
0.43710212056574066
0.43619408997290426
0.4365610717630357
0.43693183240921873
0.43900152684348687
0.4368477049161141
0.43723001097402486
0.4363505608157108
0.4384394746917104
0.4371440669423656
0.4375446393283231
0.4387898460030556
0.4370813410435068
0.4362359337330992
0.4366322493082599
0.4366203928856473
0.4366147304836072
0.43576812658912356
2.558234132355765
0.4398372858591182
0.4409585309656043
0.4395414641114736
0.43835731682024504
0.4385215713397453
0.4374822190717647
0.4390150315667454
0.4380393880762552
0.4396119576449947
0.4382220778026079
0.439383296433248
0.4376027983270193
0.4371095596175445
0.43831028506944053
0.43698215978710275
0.43693311641875066
0.43816051851761967
0.43811979027170883
0.43724618169822194
0.43805672883203156
0.43761133837856747
0.43673329859187726
0.43713602611893104
0.43840359378802146
0.43626428619027136
0.43707921752019935
0.4374861469394282
0.4366376477636789
0.6350328377987209
0.4406783706263492
0.43877277358582145
0.43948727246177827
0.439206344407591
0.438156438187549
0.4375736561260725
0.43702132180333136
0.43733534507061306
0.43893890969063104
0.4363186607204721
0.4370922285083093
0.437453838877723
0.43738572244581425
0.43606540663780546
0.4372820494598464
0.43850705153063724
0.4376196361735071
0.4371583543674971
0.4371260861743634
0.43625386583398246
0.43751357440885746
0.43705665386821096
0.4366225973555916
0.4378735886592614
0.43785699272626327
0.4374303695402647
0.5839666197958745
0.4460881461046244
0.43980490388838867
0.4382758844839899
0.438357302468074
0.4389854490364853
0.4383969431252856
0.4378437910780409
0.43689218124276713
0.4363766865213524
0.43714024479451935
0.43791706754556414
0.4370078046107665
0.43822042644023895
0.4373217091748589
0.43812317824677416
0.4372367337738213
0.43677713149472286
0.43716065679725846
0.43670448931424244
0.43625583636917564
0.4366737428249938
0.4362114121255122
0.43830895479768517
0.4382977059012965
0.4369970164408809
0.43614113856303066
0.4369986810574406
0.5335078440398272
0.43918452835396715
0.43811250948592234
0.4373906428876676
0.43846653417537085
0.43790871250002006
0.438202148636705
0.4381048952278338
0.4367430918310818
0.4379358100655832
0.4365875422170288
0.43779144879234466
0.43856868979177976
0.4389298875473048
0.43676410529174303
0.4371393864092074
0.4358284405696108
0.43790839616405336
0.436614887298722
0.436205689702183
0.4361551473407369
0.43697461811335464
6.354624163163336
2.1254533046562423
0.4392646279774214
0.4392098638572191
0.4389429144953427
0.43792008655635933
0.43905266397877746
0.4397850540123488
0.4375834995194485
0.43707801946683933
0.43742726323635955
0.437364825998482
0.4377326637506485
0.43598640900056224
0.4380533837174114
0.4375922312077723
0.4367072385784827
0.4366765554798277
0.4374897600090327
0.43747543669060657
0.4374458383572729
0.7539837847684363
0.4415494111415587
0.4384482369219002
0.4376313499714199
0.437828380340024
0.43765317076130916
0.43920864921651387
0.4369817038899974
0.4385710754921954
0.4376301430950039
0.4379679193487391
0.43705161351122357
0.4369860462452236
0.43735011200371543
0.43814173211392604
0.4376673858416708
0.4376254935405756
0.43758088973791975
0.43712201985089405
0.4366722896695137
0.437485163972566
0.4383080841630305
0.43828646297517576
0.43615594588612255
0.43784411831905967
0.43653979262239057
0.43609961302656874
0.5871084041501347
0.44240520035749986
0.4384310121206861
0.4375441886092487
0.43853279054164884
0.4371066897323257
0.4373895402801664
0.43686140387466077
0.43719580835711797
0.43712031346206603
0.43747899312722055
0.43910087629368433
0.4382003526154317
0.4381413135873644
0.4372343155898546
0.4376069339482408
0.4379832335992863
0.4362571254764733
0.43664712439242165
0.4374630419353611
0.43616754902820837
0.43657303942661535
0.43782125084023726
0.4361104694636245
0.43821660684127556
0.43650629049853273
0.43691609917502655
0.5527161569322312
0.4553765393401447
0.4400875710600399
0.4382859245334801
0.4384474430821444
0.4374110359539229
0.43769771350841774
0.43757871440366697
0.43705850718052763
0.43782377799874855
0.4360553839678974
0.43895346287049747
0.43974552887835
0.4375781485516774
0.43838229198989115
0.43706960548695767
0.43745424692568025
0.43784607295927247
0.4361248885330401
0.43737111820986396
0.43650190296925995
0.43733256121999337
0.4373229422459477
0.43858437977339093
0.43898615162623555
0.4360166170879414
0.4372922196261291
0.43600804656744
0.4364097979507948
0.6587213223702029
0.4422060093597362
0.4387999973799053
0.43908045095832726
0.43792006200865696
0.4368462127988766
0.4370931419102769
0.4377828084349044
0.4368037075196442
0.43711474208455336
0.43703030394880393
0.43863669269179045
0.43814729212930326
0.43639290811199893
0.43761140445345326
0.4362960826801626
0.4379457560809035
0.4370633623146109
0.4378740549087524
0.43742786367472847
0.4365563605176775
0.43779602611535473
0.4360811027257066
0.4373394778684566
0.43689372324825904
0.43730392569774074
0.4360168919935332
0.4376974963828137
0.4360106673287718
0.43600398062875395
0.4372435709363536
0.4359736806026807
1.5857781726278757
0.442601960583737
0.43910278431875144
0.4392941183557636
0.438054744703205
0.43824344434236223
0.43721618075904095
0.43835002595656797
0.439503759302591
0.4385504954347485
0.4376097354449724
0.43753118166013766
0.43787966997999894
0.4373960559697528
0.4381728993434655
0.4368528850768742
0.4372211482571928
0.43632467620466886
0.43881352475329644
0.4366621806825462
0.4370489154207079
0.4361684549795954
0.4361405784754377
0.4365407034331982
0.43694077538032283
0.560731207697015
0.4539619266986847
0.43963894412705773
0.43939160375218644
0.4382003319106604
0.43798685367954404
0.4382551098340436
0.43728913382480017
0.4367762415816909
0.43879334565840267
0.43617651184322315
0.4373735221200868
0.4364657693003353
0.4359814699163268
0.43761485603294875
0.43629333918031893
0.4379428728232405
0.43789754419734606
0.4361699583499055
0.4361404115040051
0.43737538174579016
0.4365069332091432
0.4364772132352779
0.43772750465493454
0.4372797488774124
0.43641350167362314
0.4372496279336414
0.43683469385692947
0.6322224652296619
0.44036788556136586
0.4380929657895314
0.43774353097143925
0.4379517956783897
0.4378060301398172
0.4368408532641632
0.43759175232047903
0.4366540699020812
0.4365783971391226
0.4365016525905383
0.4372805341293937
0.4367961976444349
0.4371600196549767
0.43751665526314787
0.43745872480304615
0.4373977732807888
0.4369272944174315
0.43604264878912974
0.4368619141763223
0.4372858325791496
1.0005359672009946
0.439566185068045
0.43916903796948886
0.4388183415328201
0.4373331207279606
0.43758885656532487
0.43785744599605864
0.43729920061795335
0.4380239783933288
0.4375025372756155
0.43910331204533576
0.4373324300897749
0.4372542742835848
0.43760114374913667
0.4375318180671648
0.4370458608787311
0.4382598485601576
0.4365304706520156
0.43777060962012526
0.43563270185596165
0.43686341996255673
0.43599549096665885
0.4372556894233352
0.4376645116037444
0.5683033274584695
0.7569553528961382
0.43958215301758363
0.44058390130337916
0.43792382121870393
0.43891163084067797
0.4378318551339601
0.4376437282091693
0.43749964499086336
0.43822637804244696
0.43811251677964863
0.43759510768087284
0.43706470831346356
0.4365659813739752
0.4368969916513092
0.43809277690750986
0.43759789190953596
0.43670325424326095
0.4362231814547589
0.43744870851698675
0.436561118153316
0.43695244287189683
0.43776993469188086
0.4360531977524883
0.43772359443338293
0.4364379525184631
0.4372554539065612
0.43597375687799955
1.474258351874979
0.44595373833650037
0.44183944251976515
0.43911701318881424
0.4389992892742157
0.4386743075140801
0.43754838293320253
0.43987355816643686
0.43667735365513516
0.4381947768361945
0.437194032927877
0.43624408942353177
0.4365789755002448
0.43819440775795987
0.4368645596661066
0.435959791930662
0.4380249431338406
0.4379814199711147
0.43668073117733003
0.436638678688752
0.4374583372160008
0.4361583238761676
0.43740586912945695
0.43739172903342954
0.43651039663420405
0.4364855565130711
0.43647852187093933
0.4372971906473762
1.8741236148304061
0.6422309557858267
0.4385076543218211
0.4395808151678035
0.4393152577704505
0.43787874602957777
0.43901935184472485
0.4372151076009399
0.43881037434636566
0.437455819860885
0.4365358889862699
0.4368868963890954
0.4359758557528135
0.4371895962639859
0.43629242095508075
0.4362477190792561
0.4370504942606203
0.43785619978841983
0.4374018286403857
0.4377847720133631
0.43692205469859274
0.43603796770698144
0.4368561487840979
0.6045089515808382
0.44035840975610835
0.43820196327410244
0.43932573861981694
0.4390367577734746
0.4384299366881973
0.43827361444893637
0.4377315965260526
0.4384799893210201
0.4375476244248842
0.43746316644706223
0.438226807039035
0.436040796852352
0.4372412087101685
0.4367581790215091
0.43839152796488057
0.4362297759636452
0.43661853384814764
0.4378393710835984
0.4378100022434649
0.4369259586312661
0.4368981932167356
0.4368804084235116
0.437702765982402
0.43683187577285265
0.4359796317533198
0.43551746013568177
0.6306785818385451
0.4439314479106351
0.4388960595585798
0.4392820124171282
0.43767178133130075
0.4383275179878662
0.437343910895288
0.4376512384336246
0.43756097351249895
0.4374735722416326
0.43739876292253793
0.4369075033225511
0.43642007763448515
0.4363627420382966
0.4375806157526217
0.43668460504789103
0.437062317211377
0.4366064845731384
0.43655904609906043
0.4369451218529751
0.4386050798391041
0.4381543713395092
0.4364261664058033
0.43851626527152565
0.4372318596432084
0.436787543406612
0.4367748822820814
0.4363286832445546
0.6473481948046308
0.4389828199618741
0.4391899462985365
0.4376417448597127
0.4370259947241529
0.4385890490914646
0.43889446054634296
0.43795241650782135
0.4387157585667936
0.43609967719377507
0.43645594516082814
0.43724008725012503
0.4367587736170543
0.4392460722280176
0.437084083975979
0.4374618113684272
0.4369947864036811
0.4365313164920448
0.43606187250269085
0.4381333269963139
0.438094647307145
0.4363706000541386
0.4363450842468362
0.43717010229041703
0.43589182072564175
0.43672246353357635
0.4367034182019875
0.9295385334836809
9.580080012271278
3.4706960531833926
0.44028897003123635
0.43854380022538336
0.4368449490774717
0.4374854194882669
0.4394672665941088
0.43767022812052775
0.4367313023852675
0.4366453871130943
0.43699827525078466
0.43734951058500693
0.43855959600523897
0.4372287848278096
0.4363307308993841
0.43754785258420986
0.43665593968410243
0.4370340349642854
0.4386884116812756
0.43695188062755685
0.4373399549029081
0.43772823438538533
0.43685917517072276
0.4376679891426312
0.43679546956953247
0.43635978753629484
0.4371786152453799
0.43674212819651553
0.43714206014808854
0.7320393471341384
0.4406376745355757
0.43880529635046656
0.43964625381325423
0.4385307897078364
0.43706401990432486
0.43859730602095004
0.4376384149648641
0.4366939495268621
0.4370294472104625
0.43864188668759246
0.4373035704619006
0.4368183350876758
0.4359114676646545
0.43797538795287866
0.4366561037996833
0.43618495319234696
0.4365661356892241
